1.37199
0.802515
0.571184
1.05338
1.07657
0.97354
0.784997
0.710227
0.837855
0.777551
1.16337
0.749107
0.765526
0.566729
1.07266
1.1373
0.688253
1.46525
1.1301
0.574114
0.962493
1.06961
0.855617
0.963408
1.01346
0.670003
0.631489
1.13919
1.02933
0.520402
0.835658
0.743431
0.719626
0.588092
1.36735
1.27323
1.12204
1.15122
1.13028
1.07242
0.870449
1.29569
1.09684
0.558184
0.536576
1.24039
1.24223
1.33274
1.48057
1.26225
0.977691
0.626118
0.851955
0.839869
0.746605
0.790551
1.31529
1.22983
0.61037
1.17991
1.08017
0.670186
1.20157
1.21622
0.738243
0.764855
1.05918
0.937834
1.18436
0.658101
1.32023
1.30699
0.969085
0.927213
1.36851
0.734886
0.507523
0.687399
0.590777
1.39763
1.45799
1.47838
0.56801
0.910794
0.90231
1.12833
1.27738
1.24509
0.559099
1.07309
0.639302
1.13016
1.28678
1.38701
0.572466
0.5215
1.17936
1.01267
1.32347
0.999054
1.39171
1.49339
0.512223
1.45231
1.04392
0.676473
0.980682
0.51735
1.29185
0.710166
1.33238
1.4395
0.797449
0.658834
1.17875
0.587359
0.88461
0.686056
1.37046
0.931547
1.38993
1.34043
1.06082
0.889859
1.275
1.28636
0.837184
0.683798
0.503555
1.27311
0.9476
1.40806
1.38786
1.3336
1.4207
0.708029
1.35057
1.24522
1.17515
0.838038
0.601886
1.01785
1.03641
1.27543
1.4113
1.45109
1.47819
1.02573
1.35533
0.521744
0.984466
1.3383
0.836756
0.824305
1.46348
0.848598
0.518387
0.773034
1.00699
0.859401
1.35575
1.35148
0.735923
0.975188
0.620197
0.813807
0.993255
1.42344
1.36686
1.10971
0.837672
0.531755
0.666707
0.77749
1.04361
0.797998
1.11405
1.10654
0.774316
0.6404
0.5356
1.30808
1.24235
1.39531
0.935881
0.802393
0.838527
0.785791
1.25736
0.599872
1.20182
1.42235
1.4536
0.656514
0.998749
1.37248
1.08151
1.02713
1.02628
0.517106
0.799036
0.955412
1.18503
1.47636
1.35887
0.815088
1.03385
0.521622
0.907376
1.09635
1.38206
0.991485
1.45866
0.684225
1.03183
0.708274
0.656209
1.12796
0.744774
0.73928
1.06815
1.14927
1.33677
1.16532
0.561113
0.670492
0.836451
0.714377
1.21659
0.551347
1.37297
0.948454
1.28904
1.19285
1.08066
0.872402
1.33079
0.889126
0.933805
1.48863
0.643818
1.17991
1.24577
1.3726
0.616718
0.987579
0.612323
1.35899
1.04532
1.01181
0.953703
0.576617
0.795495
1.44859
0.847072
1.49052
0.571612
0.858608
0.554643
1.34129
0.763573
1.16037
1.42021
0.840907
0.526566
0.521989
1.32438
0.98703
1.3994
1.20597
0.979827
0.737266
0.71279
0.53676
1.21824
1.28196
1.082
0.984771
0.678854
1.42857
0.854091
0.838832
1.12577
0.706381
1.1218
0.700278
0.594989
1.24137
0.827662
0.871181
1.34519
1.16666
1.11472
1.26627
1.29057
1.26951
0.959807
1.11509
0.607318
0.558428
0.523881
0.888089
1.25718
0.786157
1.24839
1.41606
0.647664
1.12351
1.17057
0.794519
1.01358
1.35343
1.49425
1.30302
1.21537
1.3646
1.08548
0.823572
1.41057
0.591754
1.47172
0.939482
0.578082
0.897855
1.3646
1.27696
0.761925
0.79873
1.08377
0.665731
0.934172
0.864772
1.01999
0.651814
1.21152
1.46861
0.955718
0.687582
1.21641
0.657247
0.798242
0.689779
0.876858
1.26109
1.19437
0.840907
1.35765
1.10135
1.0369
0.774987
1.06107
0.748985
1.47008
0.761559
0.944853
0.829676
1.17747
0.816614
0.542619
0.686728
1.45225
1.2982
0.651692
0.641804
1.202
1.19535
0.829676
1.23643
1.1981
0.670309
0.954619
1.24534
0.641987
0.655477
1.15567
0.902005
1.35783
0.806421
1.23917
0.602069
0.641194
0.622822
1.45152
1.12271
1.19523
0.949309
0.504898
1.44761
1.22636
1.47655
0.544084
0.851772
0.961272
1.22593
0.713584
0.63271
1.38633
0.947661
0.67159
1.24619
1.12644
0.521195
1.16385
0.692343
1.05948
1.09995
1.28666
1.16385
1.43791
1.1539
0.612995
0.860256
1.2432
0.690756
1.12711
0.606403
1.04855
1.40159
0.847682
0.999847
1.27616
1.43388
1.31339
1.24174
0.876736
0.585528
1.20084
0.794092
1.04318
1.41343
0.515763
0.85342
0.82284
0.522904
0.942839
1.18509
0.689474
0.874844
1.25889
0.702231
1.09049
0.665548
0.518571
1.38975
1.00479
1.32615
1.13584
0.637532
1.26731
1.16385
0.874783
1.14542
1.21036
0.569903
1.15561
1.47636
1.46049
1.48711
0.608661
1.12412
1.02561
1.00259
1.21384
1.18406
0.921476
0.969207
1.24992
1.34935
1.02554
1.39933
1.33653
1.42064
0.701621
0.975005
0.67745
0.863002
0.93759
1.45213
1.04611
0.904263
1.08585
1.382
1.07895
0.600055
0.770226
1.00357
0.779565
0.655293
0.597552
0.733665
0.823328
0.915433
0.637471
1.24906
0.75692
0.722068
1.48088
0.660115
1.26176
0.537858
1.1724
0.781274
1.0795
1.03922
0.716819
0.938505
0.534013
0.698752
1.15213
0.63625
0.684347
0.623615
1.44737
0.828028
1.09452
0.659871
0.60921
0.690023
1.27067
0.609882
1.4912
0.671712
1.11625
0.728477
0.784692
0.944365
0.651875
1.30143
0.867641
1.12925
0.722434
0.60683
1.22941
0.952666
0.892483
1.49944
0.964873
0.650288
0.870449
0.763878
0.575335
1.11216
1.14206
1.19712
1.48546
1.43797
1.18613
0.57448
0.768456
1.05112
1.2111
0.673116
1.49217
1.05832
1.48814
1.17905
1.4658
1.07834
0.506119
0.771142
1.33091
1.3386
0.675619
0.548845
0.583758
1.24943
1.44835
1.06503
0.60152
1.12894
0.886563
0.583758
0.764183
1.41197
0.920255
1.19858
0.602985
1.44163
0.776696
1.41954
1.29612
0.720725
1.36772
1.33872
1.41264
0.516129
0.963103
0.999359
1.26389
0.53206
0.828394
0.840419
0.900296
0.886135
1.18992
1.42796
1.31425
1.20994
0.911161
0.519425
0.73928
1.37626
0.864834
0.971099
0.533341
0.603839
0.719687
1.15415
1.15903
0.6404
0.843654
1.39195
0.834498
0.678182
0.659505
0.918363
1.28623
1.15616
1.49864
1.41502
0.7828
0.636738
0.903775
0.623554
0.917508
1.12729
0.717246
0.667745
1.42991
0.799402
0.588336
0.632282
0.532975
0.620563
1.4644
0.718528
0.715293
0.86581
0.564959
1.49528
1.46214
1.17563
0.685812
1.39866
0.619953
0.539201
1.49803
0.960479
0.672628
0.890347
0.5815
1.32102
0.68923
1.25217
1.38182
1.28904
1.08402
1.30613
1.29106
0.912015
0.931547
1.11649
1.37736
0.999481
0.990448
1.05332
1.47942
0.770837
1.08219
1.22446
0.705161
1.39714
0.997711
1.37236
0.924955
0.886685
0.738121
1.01248
1.36937
0.859951
0.573992
0.924345
0.785241
0.931364
0.993805
0.830958
0.94882
0.555254
1.44249
0.706626
1.24802
1.02115
0.622578
1.11869
0.985992
1.25645
1.0181
0.779809
0.781762
0.963713
0.683737
0.936552
0.642842
0.86581
1.15995
0.599689
1.27683
1.03049
1.1301
0.598529
1.15525
0.72805
0.655782
1.22788
0.88992
0.884121
0.666219
0.740379
0.614948
1.30351
0.627949
1.02139
0.861721
1.41795
0.570635
0.713645
0.735496
1.15946
0.666952
0.667196
1.31785
0.674215
1.13157
1.34086
0.789819
1.3104
0.676473
0.829188
1.29771
1.00632
0.896329
1.33689
1.14591
0.791772
0.534379
1.37004
1.49388
0.745506
0.593951
0.56917
1.00607
1.10434
1.46098
1.43242
1.03177
0.652974
1.19108
1.18534
1.3032
0.611591
1.21451
1.13321
1.20157
0.882168
1.46605
0.763817
1.13022
0.831751
1.12345
0.65096
0.572588
0.939909
0.699667
1.08896
1.44511
0.897549
1.48088
0.561174
1.1652
0.659261
0.540239
1.16263
1.39842
0.586688
1.05826
0.860683
1.12381
1.12186
0.638325
1.03543
1.01871
1.35252
1.00461
1.38292
1.26341
1.00534
0.575762
0.771142
0.997894
0.857509
1.2692
1.00223
1.2783
1.41136
1.29533
1.09311
0.827723
0.83755
1.18748
0.730308
1.42375
1.02377
0.728416
0.567949
0.8511
0.576189
0.652486
0.818873
1.24906
0.581317
0.776696
0.842128
0.757164
1.16166
0.987762
1.03537
1.12449
1.33549
0.81753
0.993194
0.694601
0.78518
0.933134
0.894925
1.44603
1.07889
0.830409
1.41459
1.43608
1.35026
1.19852
0.839869
0.952422
1.22916
0.850734
0.629475
1.32206
1.21549
1.05844
1.32719
1.01205
0.588763
1.10147
0.71926
0.863979
0.775292
0.547075
0.584735
0.957976
1.03122
0.517594
0.852687
0.806543
0.698813
1.3867
1.03806
1.19852
1.07901
0.785302
1.12485
1.31126
1.23222
1.39402
0.652242
1.15146
0.951872
1.082
0.57271
0.685873
1.18497
0.585406
1.49266
0.777734
1.26841
0.981353
1.09653
0.69161
1.23856
0.927458
1.3076
1.08206
1.40324
1.36314
1.0062
1.42668
0.674459
1.40471
1.32139
1.33976
1.4984
0.87814
1.08707
1.18406
0.837855
1.3408
0.503861
1.32353
1.21055
0.819788
1.4315
1.02945
0.966826
0.59096
0.90933
1.00143
1.43779
0.880581
0.64626
0.763268
1.44261
1.16318
1.29203
0.912748
0.709128
1.25742
0.704001
1.20164
0.900357
1.44859
1.18381
0.814234
0.763512
0.912748
1.30747
1.02048
0.708823
0.986969
0.523698
1.07846
0.576983
1.41826
1.08621
1.35014
0.518509
1.45329
0.833583
1.45915
1.08176
1.11856
1.356
0.787133
0.676351
0.525651
0.969268
1.35716
1.04886
1.43089
1.24119
0.832118
1.12516
0.700766
1.27134
0.599994
1.4467
0.730918
1.3162
1.40452
0.806055
0.694906
1.40452
1.25059
1.30943
1.08213
0.68923
1.07083
1.35502
0.87112
1.20798
1.48112
0.862026
1.09366
0.781945
1.40068
1.46184
0.773827
0.863369
0.958586
0.907071
0.942839
1.09775
1.00394
0.524552
0.700339
0.529374
0.632221
1.06455
1.43962
1.20481
1.23801
1.06174
0.958464
1.09153
0.907437
0.864101
0.602557
1.00345
0.833644
0.934172
0.806787
1.43858
0.737571
1.04428
1.184
0.796838
1.11405
0.827357
0.653401
1.32536
0.835658
1.2938
1.24662
0.767174
1.47905
1.14676
1.35502
1.48039
0.862453
0.891934
1.14768
1.13639
0.654317
0.841029
0.944426
0.909635
0.628864
0.955962
0.652058
0.84341
1.00461
0.795312
1.13291
1.32829
1.34294
0.568499
0.543962
0.745445
0.868313
0.814783
1.47307
1.27805
0.803125
1.0303
0.761742
1.04147
0.804468
1.49718
0.903653
0.970672
1.38133
1.16385
0.87582
0.738975
1.30876
0.640156
0.786279
1.44957
0.852748
0.636738
1.24912
0.897305
0.518448
0.566424
0.655477
1.22697
0.588214
0.865444
1.16483
0.745262
0.959929
0.932585
0.895169
0.536393
0.563433
0.920621
0.865322
0.678549
0.857265
0.555254
0.56032
0.984466
1.02499
1.36045
0.726524
0.594745
1.49449
1.14493
1.1583
0.775781
1.05161
1.21708
1.32072
0.830531
0.766869
0.99411
0.994232
0.686239
1.06497
0.6545
1.27598
1.10416
1.31626
1.45335
1.27366
0.942717
0.612445
0.875881
1.30131
0.781884
0.900174
0.834254
1.48546
1.403
1.27012
0.960051
1.24302
1.36302
0.537675
1.17905
0.528397
1.05069
0.692526
1.26005
1.36418
0.853664
0.769311
0.979888
1.00406
1.40996
0.621784
0.814539
0.914945
1.27561
1.14304
1.13804
0.589618
1.4821
0.787011
0.941984
1.1644
1.46495
0.521012
1.09708
1.42393
0.711814
0.77694
1.11673
1.41465
0.779138
0.560259
1.33824
1.37883
1.07138
1.08298
0.542192
0.668355
0.967193
1.16385
0.547807
1.2974
1.25681
0.962676
0.583453
1.14121
1.035
1.17502
1.33439
1.25419
1.34074
1.20231
1.35734
1.21635
1.2161
1.36522
1.09085
0.509232
0.870022
1.44963
0.683309
1.15171
1.00284
0.545305
1.08444
0.67336
0.852443
1.01755
1.15964
0.801721
1.00546
1.11277
1.10532
1.37925
1.18754
1.04544
1.44298
1.2313
1.47887
1.45854
0.829859
1.26145
0.864101
0.981597
1.32127
1.01914
0.518021
1.0546
0.73159
1.12497
1.45915
1.2136
0.946318
0.657308
1.26469
0.954741
1.15098
1.4658
1.39146
0.636921
0.889248
0.892727
0.532731
0.647664
1.43059
0.752831
1.4846
1.01761
1.03085
0.593707
0.877041
0.864284
0.969817
1.31169
1.09409
0.843715
0.60622
1.32579
0.84872
0.938688
0.836756
1.40819
1.0286
1.24009
1.44017
0.704672
1.051
0.631794
1.36351
0.996673
1.25138
0.744896
1.42296
1.06436
1.05039
1.19938
1.13437
0.997467
0.896634
0.520035
1.44517
1.44322
1.07804
0.617939
0.62508
1.3571
0.864711
0.570025
0.957244
0.634663
0.64803
1.26395
0.85464
1.47661
1.142
1.36967
0.985199
1.24143
1.42759
1.1619
0.6086
0.843715
1.15421
0.885342
0.967193
1.12735
0.98117
0.799463
0.514969
0.559343
0.963591
0.836085
0.766137
0.820704
0.784631
0.777917
0.972076
0.734336
0.85934
1.12302
0.665914
0.758812
0.863979
1.03867
0.796167
0.695029
0.750267
1.06626
1.16489
1.29905
1.24754
1.10904
1.03787
1.3679
1.18961
1.29301
0.830531
1.47813
0.62685
0.622883
0.522599
0.970305
1.03159
0.570757
1.46409
0.627338
1.31101
1.1666
0.772668
0.569781
1.04648
0.552324
0.957488
1.2299
1.02634
1.41697
1.45579
1.10697
0.671957
1.40519
0.813929
0.778039
1.48613
1.16379
0.580706
1.12296
0.891873
0.850612
0.565447
1.18564
1.36247
1.19462
1.07297
0.753136
0.571245
0.991424
1.35893
0.806238
1.06265
0.868313
1.22044
1.22977
1.13224
0.522477
0.924589
0.703757
0.513565
1.19578
0.773278
1.47099
1.35929
1.38755
0.754662
0.730064
0.588519
0.626362
1.07584
1.35783
1.16941
1.49644
0.899014
1.39921
1.15653
1.18107
1.05484
0.776208
0.90408
1.25315
1.22105
0.720176
1.47099
0.579363
1.31669
0.689474
0.745933
0.913785
0.971526
1.06803
0.512772
1.44792
0.510819
1.28208
1.05362
0.607929
1.35337
1.19382
1.10349
1.27183
0.875759
1.46043
0.994903
0.617084
0.612262
1.2487
1.26273
0.609088
0.829066
1.1041
1.10941
1.45903
0.83047
1.35801
1.25065
1.3137
1.28666
1.3469
0.70101
0.937529
0.617145
0.889065
0.591144
0.676778
0.743309
0.521867
1.20786
0.768212
0.835292
0.848598
0.571123
1.27293
1.49809
0.538224
0.605914
1.4846
0.849025
1.13834
1.4926
0.61507
1.30815
1.15201
0.605792
0.610675
0.667745
1.48759
1.31693
1.04386
1.46251
0.858852
0.64687
0.94583
0.720298
1.31101
1.06369
1.05307
1.49571
0.804529
1.45817
1.10758
1.30265
0.867519
1.20304
0.740989
0.985809
1.44566
0.869289
0.892788
0.980193
1.15506
0.767479
0.943815
1.0054
0.511185
1.08664
1.20469
0.529801
1.0535
0.686056
1.32499
1.07791
1.0289
0.618
0.834803
1.11893
1.06888
1.47148
0.87405
0.882534
0.891934
1.05191
0.52266
0.813562
0.535661
1.43889
0.944975
1.26102
1.42912
0.643818
1.33787
0.793847
0.751183
0.745506
0.934599
0.548235
1.03562
1.26664
1.42436
0.83993
1.14902
0.797998
1.45079
1.03647
1.14548
1.26926
0.708884
0.945036
0.836573
1.02896
1.03812
0.953154
0.552202
1.46074
0.837001
0.95175
0.667074
0.613483
0.849818
1.04416
0.766808
0.680502
0.747459
1.08933
1.27531
0.972808
0.915616
1.07523
1.46104
0.533464
1.09281
1.39189
0.993011
1.20365
1.34837
0.546159
1.05283
1.05063
0.848842
1.07669
0.836512
0.974883
1.14304
1.00412
1.23576
0.884182
0.837245
1.03299
1.22349
0.670431
1.36918
0.783044
0.84286
0.576373
0.648213
1.06229
0.547502
1.09977
1.10611
1.3632
1.47099
1.49126
0.915128
1.10508
1.44426
1.05521
1.28965
0.626606
1.429
0.508499
1.33299
0.651326
0.595111
0.731529
1.15488
1.42821
1.41337
1.4995
1.0903
1.06815
0.597736
1.01517
1.33091
0.740806
0.86288
1.1268
0.572344
1.16953
0.7051
0.796472
1.30497
1.3693
0.522172
0.910916
0.529435
0.767479
0.507767
0.541215
1.27891
1.30992
1.33116
0.701987
1.17026
0.672628
0.996735
0.701071
1.45494
0.675375
0.547319
1.07309
1.35771
0.910367
0.920682
0.646382
0.975372
1.06162
0.512833
1.16196
1.0206
0.882473
0.84402
0.770348
1.43736
0.554216
1.32786
0.752281
1.37541
0.754662
0.823756
0.512284
1.16282
0.93173
0.618183
0.597125
1.38133
0.796655
1.19657
1.0748
0.640034
0.551408
1.38603
1.4854
1.18003
0.604694
1.16288
0.963591
0.507279
1.05325
1.03348
1.12345
1.48216
0.922758
0.918729
1.29508
1.47606
1.38163
1.17795
0.930021
1.2523
1.47984
0.57918
0.617206
1.24992
0.537553
1.37352
1.32945
1.10611
1.18003
1.07077
1.24509
1.37083
0.64803
0.546953
0.571795
1.3925
0.51149
1.28739
1.22086
1.14524
0.62862
0.811121
0.858119
1.00076
0.752464
0.625202
0.862026
0.712607
1.42412
0.895474
0.945585
1.40416
0.89285
1.35588
0.952116
0.76455
0.575884
0.702475
1.22843
1.19419
0.786828
0.795984
0.988617
1.34812
1.0828
1.30717
1.08426
1.21006
1.07743
0.662984
1.42277
1.01724
1.38066
1.02988
0.949858
1.39708
1.00528
1.38829
1.09574
1.18601
1.14847
1.20804
0.61916
0.913053
1.05325
1.28977
1.05197
1.14933
0.513565
1.18711
1.38908
1.14023
1.18467
0.553117
0.841151
0.582049
1.07389
1.15098
0.673482
0.734092
0.854823
1.13913
1.09427
0.531693
0.609943
0.509781
1.27146
1.43699
1.22501
1.29331
0.774499
1.32597
1.47148
0.503006
0.564714
0.90701
1.17338
1.4716
0.729514
0.772057
1.14994
0.816065
0.609272
1.38255
0.950285
0.584552
0.720969
1.20096
1.46525
0.508621
1.3853
0.868374
0.717673
0.784265
0.781762
0.903836
0.761681
0.880703
1.04215
1.33891
1.44011
0.973174
1.29514
0.746544
0.600482
1.43345
1.08219
1.42936
0.693503
1.48863
0.882168
0.85342
1.05661
1.45927
0.773766
0.739891
1.18107
1.45488
0.877285
0.69509
1.0961
0.630757
1.12857
1.44292
1.34465
0.684774
1.22996
1.42454
0.891873
1.1525
0.85757
1.4854
1.26902
0.628254
1.49693
1.13102
1.4724
1.11026
0.983367
0.9523
1.33824
0.775109
1.16849
0.808435
1.29826
1.07633
1.22208
1.32359
1.43669
0.723167
0.804651
1.43461
1.49669
1.36473
0.739769
0.874416
1.14298
0.678121
1.1157
1.49767
1.17325
0.624714
0.914579
0.861415
1.28166
1.22745
1.33287
0.915922
0.564653
0.930265
0.812281
0.908414
0.629536
0.722068
1.09104
0.739952
1.02762
0.688986
1.28721
0.639424
1.0181
1.3184
1.44853
0.664571
0.854518
0.910794
1.33226
0.829188
1.35124
0.614216
1.43223
0.803552
0.645405
1.44969
1.2711
0.801843
1.25407
0.926054
1.46001
1.05185
1.44707
1.29862
0.598346
0.680868
0.864956
1.28123
1.42027
1.41203
1.0618
1.16776
1.30094
1.03354
1.05905
0.760216
0.781091
1.48704
1.29032
0.906339
1.12894
1.03781
1.26792
1.05875
1.00974
0.510086
0.918119
0.548173
0.755333
0.894436
1.47911
1.45231
0.586993
1.11631
0.903714
0.907559
1.14005
0.684591
0.676107
1.43791
0.817591
0.737022
0.630879
1.16269
0.554827
0.622211
1.03806
0.516617
1.27042
0.631428
0.598529
1.24046
0.94583
1.21976
1.15299
1.39451
0.718894
0.802942
1.18571
0.959075
1.04386
1.07639
0.534379
1.41905
0.56856
1.02097
0.854579
1.09433
0.53267
1.2396
0.996979
1.22379
1.25407
1.39
0.500992
0.658956
0.624592
1.27836
0.669759
1.42644
1.21836
0.912992
1.36436
0.941923
1.03836
0.970733
0.951201
1.30296
1.30058
0.524918
0.756066
1.25718
1.4434
1.25504
1.05643
0.85519
1.30802
0.973601
1.22843
1.11081
1.14292
0.6498
0.876003
1.45689
0.718284
1.06919
0.821009
1.09726
0.63802
0.916959
1.40806
0.959014
1.03879
1.38939
0.676901
0.983612
0.858852
1.30204
0.588824
1.41527
1.0792
0.646138
0.717063
1.49565
0.749962
0.67806
0.749901
1.44481
0.758446
0.705161
0.586627
0.626118
1.16788
0.787683
0.702475
1.26969
1.15091
0.741722
1.33598
1.36845
0.598041
0.578875
0.535905
1.36271
0.600299
1.19266
0.961333
1.15989
1.01132
0.526933
0.563982
1.3516
0.648274
1.27476
1.00723
1.33
0.748619
0.633625
1.41459
1.31639
1.03049
0.693686
0.909085
0.92935
0.931242
1.23624
0.921171
0.680319
0.874477
1.26823
1.27702
0.706748
0.944731
0.7828
1.24589
0.580706
1.44285
0.999115
1.02158
0.924833
0.931669
1.48045
0.965972
0.733787
1.46733
0.554338
0.960051
1.49846
0.878262
0.616779
1.03476
1.11386
0.677877
1.45408
1.03153
1.37364
0.683432
0.560076
0.96231
0.60622
0.794763
0.621662
0.807825
1.34605
1.40526
0.951689
1.00723
0.770226
0.881497
0.930937
1.11618
1.47368
0.967437
0.762841
1.43583
0.829798
1.4583
1.43315
1.2523
0.739402
1.33183
0.824061
1.3137
1.47374
1.10056
0.918485
1.09793
1.24613
0.582415
0.685202
1.23447
1.13901
0.733543
1.18918
1.40605
1.27897
1.13193
1.0383
0.554094
1.02585
1.1503
0.903043
0.732322
0.798608
1.317
0.91879
1.2913
1.04209
1.46422
0.955046
1.28324
1.17716
0.582354
1.49461
0.662313
1.03891
1.18656
1.47685
1.23539
0.665304
1.11698
0.833033
1.31809
0.82577
1.14029
1.32347
1.39763
1.2205
1.41697
0.937284
0.733848
0.564409
1.00888
0.734703
1.25736
0.562822
1.42863
1.15226
0.568743
0.586749
1.04074
1.38218
1.14127
0.578753
1.19266
0.620014
0.616474
0.768761
1.39097
0.81106
1.47142
1.20634
0.987579
0.672506
1.42888
0.67391
0.859951
0.775903
0.724815
1.15317
0.654073
0.674398
1.4771
1.02255
1.38542
0.662191
0.548906
1.06711
1.36058
1.01175
1.476
0.505631
0.980255
0.547746
0.637165
0.649434
0.512528
0.521134
0.920194
1.31376
0.99057
1.25932
1.20292
0.826563
0.519486
0.625629
1.17862
0.934233
0.740135
0.612812
0.64333
0.775781
0.954863
0.762474
0.553545
1.34025
1.3267
0.583941
0.809107
1.40971
1.1348
1.17338
0.797815
0.892117
0.799097
1.29344
1.31657
1.15464
0.758873
0.939665
0.867702
0.60097
1.05234
0.796228
0.866665
1.31687
0.68862
1.44554
0.867702
0.881252
1.27299
1.25163
1.48344
0.662557
1.05716
1.00723
0.572954
0.591815
0.695639
0.723411
0.768822
1.32145
1.33671
1.31736
0.598407
0.860988
1.07065
0.686178
0.914335
0.519547
0.728355
0.767479
1.26756
0.60213
0.686483
1.45305
0.583026
1.41954
0.57973
1.24082
1.24625
1.30027
1.44371
0.998138
1.27335
0.894314
0.780297
1.01535
1.24033
1.02554
0.839686
0.868557
0.585528
1.15336
0.768883
0.67391
1.30924
1.28513
1.05594
0.98001
0.70748
1.27635
0.834559
1.23038
0.618671
1.04404
0.628254
0.6227
1.34819
1.06595
1.1962
1.22514
1.1503
1.00742
1.03055
0.73574
0.702658
1.416
0.746544
0.831935
0.897366
0.645772
0.618488
1.03812
0.852321
1.22532
1.07138
1.03818
0.664449
1.48796
1.2899
0.761254
0.660543
1.15537
1.47966
0.608966
1.16807
1.49034
0.867153
0.660543
0.770348
0.876736
0.909635
1.38878
0.866298
0.976653
1.3068
0.504349
0.695761
0.741111
0.519364
1.48503
1.35008
1.44707
0.822474
1.0217
0.873196
0.681295
1.2877
0.570452
0.563921
1.06388
1.1843
0.740074
0.756371
1.06357
1.30021
0.85989
0.632954
1.22678
1.4442
0.884365
0.761376
1.11954
1.37284
0.991241
1.49602
0.56856
0.849025
0.866909
0.812342
1.26493
1.27555
1.18613
0.878018
0.980987
1.25193
0.702841
1.10044
0.770409
0.633503
1.14615
1.25407
1.2899
1.04141
0.778039
0.876308
1.19486
1.48711
0.544328
1.00143
0.993072
1.42076
0.983612
1.08475
1.31944
1.26811
0.578814
0.516861
0.926847
0.542436
1.29441
1.11179
0.988189
1.46391
1.38829
1.35636
1.00467
1.27604
1.14347
1.41508
0.699728
0.681112
0.678915
0.994354
0.733177
0.713828
0.76223
1.43254
0.784692
1.15036
1.22257
1.06131
0.875393
0.925138
1.01224
1.06204
0.863552
0.888821
0.957671
0.720603
0.581378
1.09653
1.38408
0.706687
1.20731
0.767418
1.25071
1.40062
0.66036
1.25755
1.21281
1.34941
1.00961
1.25169
0.564653
0.838038
1.12204
1.22269
1.49052
1.09549
0.766991
0.839808
1.09665
0.623249
0.698935
1.13834
0.753746
1.12143
1.35679
0.744774
0.969634
1.0676
1.2172
0.553117
1.20273
1.31895
0.681906
1.04788
0.642476
0.572588
1.43193
0.961333
0.990753
1.13773
0.792138
1.49321
0.886563
1.0322
0.71157
0.654439
0.991119
1.434
1.07321
1.4373
1.06577
1.45885
0.703635
1.13657
0.784875
1.36613
1.38475
0.865993
0.730369
1.37059
0.993744
1.37614
0.746055
0.907254
1.47862
0.760826
0.704917
0.840663
0.50148
0.819117
0.564409
1.3455
0.520951
1.14054
0.983123
1.49388
1.07895
0.64095
1.2327
0.932218
1.04038
0.637837
0.774071
0.848231
0.682211
0.611652
1.01785
1.32279
0.756371
0.744285
0.829371
0.901761
1.39018
1.05625
0.557207
1.17869
1.0159
1.26298
1.23142
0.757347
0.553179
1.30741
0.757347
1.1539
1.35008
1.01993
1.13065
0.714927
1.14096
0.520157
0.693381
1.46355
0.510636
0.819483
0.820948
0.716147
1.02335
1.05179
1.22202
1.34147
1.14151
1.16355
0.845302
1.03464
1.00809
1.39817
0.540483
0.920194
0.635334
1.2598
1.08304
0.697287
1.32035
1.31797
1.46092
0.88699
0.956694
0.526017
1.27586
1.46953
0.810022
0.50325
0.722373
0.543718
0.847316
0.937651
1.49229
1.05869
1.05008
0.781701
0.891079
1.14792
1.31968
1.19669
0.620319
1.17832
1.22318
0.5627
0.619404
0.551103
0.857875
0.515641
1.15299
1.05057
1.31034
1.18674
0.505753
0.616535
0.988128
0.740928
0.542314
0.761132
1.39329
0.692282
1.35838
1.44761
0.983428
1.32444
1.1926
0.529435
1.02084
1.25571
1.32585
0.748802
0.991302
1.44719
0.67452
1.06674
1.00052
0.710288
1.05942
0.807276
1.3892
1.42399
1.30918
0.785424
0.989898
0.737877
0.528031
1.35356
1.26945
0.621479
1.10794
1.0087
1.46062
1.09122
0.932829
0.712607
1.02915
0.618061
0.885891
0.652791
1.17759
1.27012
1.45225
1.0853
0.800501
1.01321
0.715354
0.545488
0.715232
1.44127
0.694784
0.580401
1.37864
0.914212
0.759972
0.736778
0.790368
0.991607
0.644185
0.985565
1.23203
0.757775
0.813868
0.689962
0.534013
1.37144
0.95468
1.26304
0.658467
1.30015
0.675314
1.06314
1.11124
0.887783
1.22611
0.823572
1.13059
0.649373
1.19114
1.06253
0.9476
1.08084
1.16581
0.975311
1.12021
0.679647
0.744591
1.2186
1.32047
1.0076
0.996673
1.01444
0.836451
1.21043
0.647969
0.775536
0.759911
1.21482
1.0419
0.809168
0.967559
1.4868
1.20261
1.36497
0.790429
0.653523
0.812403
1.40483
1.45872
0.681478
0.734397
1.24467
0.804529
1.34422
1.46818
1.30528
0.772973
1.08921
1.14566
0.867458
0.626057
0.878384
0.842189
0.625568
0.555376
1.19553
0.964995
1.41038
0.953398
0.919889
0.936857
0.745262
0.854946
0.896329
0.637837
1.29472
1.10312
0.640156
0.995941
1.27787
0.883145
0.919767
1.11039
1.41032
0.712851
0.744713
0.875271
1.28739
1.07096
1.16019
1.1724
1.34227
1.26963
0.917631
1.01205
0.876797
1.17222
1.08078
1.00064
0.96878
0.561174
1.47972
1.14719
1.34867
1.4807
0.576312
1.32713
0.996612
1.14725
0.587786
0.525285
0.877712
0.924833
1.03482
0.63271
0.93112
0.975616
0.520829
0.953642
0.895718
1.13437
0.504349
0.797266
0.618854
1.25687
0.515885
1.06778
0.935575
1.07834
0.627888
0.940886
1.25974
1.13095
1.12766
1.31712
1.22501
0.65212
1.17728
0.629963
1.16874
0.500015
1.2841
0.593158
0.507157
0.833949
0.909696
0.841578
0.836085
0.744652
0.724021
1.12552
1.03195
1.37101
1.1099
1.19126
0.832057
0.889187
0.696127
0.509903
1.32853
0.970367
1.43608
0.913175
0.919279
1.24216
0.654805
0.701132
0.788598
1.26591
0.690512
0.692038
0.926969
1.4442
1.4517
0.521073
1.39756
0.737083
0.50618
0.58504
0.594073
0.909024
1.06961
1.31352
1.01584
1.04465
1.42467
1.17954
1.21409
1.03702
0.630024
0.850978
1.10953
0.977752
0.557817
1.40086
0.963347
1.27604
0.913541
0.721763
0.710349
1.25071
1.03433
0.873012
1.0286
1.1409
1.04746
0.771264
1.20902
1.02109
1.24693
0.739647
1.49937
1.38694
1.11356
1.27586
1.35417
1.06418
1.22672
1.29008
1.36271
0.763329
0.940703
1.14151
0.801843
0.686117
1.168
1.21152
1.49541
0.898404
1.038
0.61391
1.05564
1.34416
0.728599
1.20115
0.576617
0.985199
1.09519
0.527177
1.34928
0.904691
0.940458
0.762535
0.672445
0.672201
1.13071
0.614154
1.27323
1.44676
0.599872
0.9382
0.945585
1.19608
1.34025
1.45018
0.721213
0.905362
1.36497
0.507462
0.606464
0.817103
0.509476
1.06729
0.990753
0.855495
1.30296
1.30735
1.19242
0.725303
0.852077
0.997772
1.43113
0.588153
1.24851
0.508072
1.09
1.32865
0.591388
0.903226
0.837855
0.811731
0.986114
1.4547
0.603534
0.854762
0.799097
1.37297
1.07657
1.19669
1.2935
1.21732
0.572222
0.642415
1.24705
1.37895
0.885281
1.24393
1.11667
1.18546
1.0159
1.20377
0.660726
1.236
1.30253
1.09262
0.825953
1.37663
1.02042
0.652486
1.14408
0.568438
0.650655
1.33171
1.04514
1.41978
1.20792
1.47984
0.637471
1.36039
0.708213
1.48857
0.83462
0.554643
0.945708
0.758202
1.44914
1.42405
1.28819
0.898221
1.16495
1.36332
1.23887
1.06668
0.506607
0.526872
1.17844
1.00089
1.41722
0.5627
1.33549
1.05625
1.41179
0.979644
0.622272
1.49309
0.618549
1.07956
1.25437
1.15549
0.980255
1.09488
0.727439
0.696371
1.37101
1.32304
1.41398
0.581622
1.34935
1.35826
0.768456
0.6227
1.40489
1.17936
1.32762
0.613788
0.924589
0.811609
1.09336
0.625141
0.673544
0.897
1.32469
1.33628
1.42936
0.659444
1.25938
1.10617
0.694967
0.578509
1.29179
0.670309
1.41014
0.87759
0.703207
1.36204
0.824244
1.13132
1.15653
1.49333
0.773461
0.800806
0.655232
0.684225
1.455
0.819605
1.13749
1.42485
0.766137
0.861538
0.968902
1.11533
0.922697
1.26872
0.912198
0.622944
0.58565
0.510331
1.11692
0.817103
0.905484
0.952483
0.700888
0.925199
1.15073
0.624653
0.619404
0.916593
0.663106
0.878445
0.539018
0.850002
1.17991
0.557146
0.991607
1.08493
0.94998
0.579974
1.01059
0.764061
0.767968
0.572893
0.683187
0.760338
1.31779
0.790796
1.37864
1.25419
0.744652
1.14145
0.989288
0.593707
1.1511
0.724998
0.798486
0.750084
1.04038
0.507523
0.979644
0.923551
0.898099
0.964873
1.31932
1.13407
1.44902
0.938261
0.586322
1.25803
0.520524
1.33256
0.507218
0.59621
1.08054
1.18345
1.09207
0.843532
1.30546
1.08774
0.741844
1.45866
1.46861
1.42338
0.643696
0.705283
0.929411
0.822108
1.12455
1.31468
1.12009
0.942595
1.1774
0.797449
0.900662
1.07633
1.0933
0.743126
0.828211
0.790674
0.953215
1.46055
0.541215
1.49132
1.07395
1.01028
0.931791
0.93936
1.03989
1.3535
1.49791
0.715293
1.45659
1.3842
0.55501
1.12973
1.43046
0.648824
0.700156
1.2244
1.10483
0.619343
0.662374
0.937529
0.599933
1.12107
0.594867
1.36161
1.15793
0.654073
0.78518
0.940336
1.36723
1.15177
0.845729
0.636433
0.512101
0.890225
0.740745
1.23069
0.580828
1.32133
0.889309
0.601154
0.857387
1.08896
0.87466
0.973846
1.03598
0.672689
0.525346
1.26676
1.18143
0.690939
1.28562
1.25675
0.946074
1.16037
1.29136
0.858913
0.507218
0.579424
0.899869
1.37144
1.24815
1.15409
1.36259
1.4901
1.43815
1.14261
0.564165
0.51204
1.39244
0.527055
1.00888
0.559893
0.996002
0.767418
0.650166
0.957427
1.39921
1.14896
0.56032
0.654805
0.528336
1.44945
0.503922
1.28428
0.846339
1.18424
0.539567
1.28129
1.04874
1.22202
1.06638
1.41997
1.42839
1.14805
1.22147
1.23118
1.30241
1.02738
1.37608
1.184
1.41545
1.34361
0.508072
0.565325
0.98117
0.630634
1.32267
0.501358
1.0828
1.08872
0.787866
0.635212
1.37016
1.05161
1.10489
0.920255
1.12564
0.931913
0.675436
1.16807
0.996979
0.951933
1.0972
0.95999
0.755699
0.839137
0.936735
0.743187
0.727256
0.581744
0.799097
0.942534
1.37034
0.812403
0.660054
0.650227
0.597674
0.711081
0.619282
0.810694
1.07474
0.798791
1.30381
1.32224
0.890835
0.947356
1.08963
0.999725
1.15531
1.40733
0.590899
0.873501
1.22678
0.947356
1.16636
0.878323
0.53151
1.17014
1.40159
1.34825
0.805872
0.726524
0.709983
1.3137
1.05466
1.22709
1.43999
0.902799
1.48997
0.847438
0.764794
1.30558
0.802942
1.00803
0.87637
0.679525
1.06241
1.10874
0.846706
1.10385
0.861538
0.792749
0.951567
0.776208
1.05741
0.793725
1.38682
1.47056
1.40464
1.40226
1.17386
1.07859
1.36052
0.723533
0.830714
0.855434
0.809046
0.775414
0.820338
1.05161
1.21805
0.581561
0.750694
1.19553
0.92111
1.31022
1.43309
0.886196
0.848109
0.705039
1.35557
0.844691
1.40721
0.815638
0.926176
1.25913
1.47948
1.10025
0.88229
0.652974
1.30638
1.16733
0.601764
1.1901
1.07523
0.827662
1.05429
1.31162
1.30717
0.525407
1.26548
0.763085
1.314
0.633564
1.05252
1.13462
1.2678
0.817652
0.551897
0.970305
1.48991
0.600238
1.38322
0.788049
1.1055
0.583514
1.14176
0.710593
0.746361
0.592242
0.916715
1.19089
1.28477
0.920072
1.46477
0.873379
0.600421
1.36619
1.27458
1.42528
0.985565
1.00894
1.11356
0.932157
0.607135
1.06833
1.46507
1.15336
1.08267
0.547563
0.968352
0.912381
1.11686
0.509354
1.39708
0.603839
1.00101
0.86166
1.03171
1.41856
0.960906
0.552507
0.747032
1.10086
1.1359
0.81991
0.77279
0.620075
1.36229
0.91348
1.05734
0.53621
0.840541
0.752892
0.800134
1.37413
1.34507
0.501846
1.13535
0.753807
1.33543
0.561968
1.38108
1.43913
0.800378
0.65212
0.601154
1.0665
0.988311
1.48735
1.30485
0.697714
1.21348
1.4948
0.788293
1.4517
0.834315
1.08579
1.20927
0.918729
0.501602
1.142
1.30064
0.594867
1.26817
1.39439
0.539811
1.07236
0.627949
1.0969
0.928373
1.21616
1.0372
1.03488
0.719382
0.747093
1.43162
0.81637
1.0698
0.752953
0.705405
0.897366
0.828455
0.847682
1.48009
0.562822
0.688192
1.09671
0.615558
1.34953
0.796899
0.662069
1.01541
1.30723
1.02402
0.614582
0.884487
0.854335
1.49852
0.828822
1.06412
0.601886
1.31834
1.28892
0.855739
1.32817
0.914518
0.538957
1.12015
1.10764
0.70809
1.16581
0.767541
1.43413
1.29612
1.23112
1.04599
1.15207
1.40934
0.971526
0.531083
0.773217
1.20048
0.882473
0.960234
1.04495
0.646931
1.08518
0.647237
1.04086
1.32829
0.999298
1.44566
1.48759
0.683248
0.639424
0.72512
0.519364
1.16312
1.01627
0.647603
0.721091
0.612629
0.967803
0.90231
1.03861
1.42021
0.949065
1.03684
1.43571
0.631733
0.950285
1.3571
1.14078
0.734581
0.501297
1.20316
1.37535
1.29398
1.12033
1.44133
1.31773
0.839259
1.06589
0.817652
1.42796
0.745567
1.33714
1.14096
1.22092
0.758751
0.727195
0.980438
0.636128
0.607501
1.40556
1.20768
0.640522
1.24046
0.86642
1.41423
0.633076
0.969024
1.44072
0.949126
0.57741
0.543535
1.45439
1.32188
0.587909
0.550005
1.23618
1.24265
0.932157
1.39299
1.06406
0.807581
1.03952
1.0303
0.956816
1.12522
1.24583
0.920621
1.1254
0.531144
0.549638
1.27854
0.96408
1.41984
1.11899
1.23679
1.0286
1.03415
0.556536
0.861293
0.700644
1.05777
1.19889
0.925993
0.727622
0.769677
0.938322
1.34935
0.86874
1.3715
1.43193
0.793603
0.663839
0.815516
1.02719
0.833644
0.844874
0.549944
1.30094
1.1663
0.585894
0.759728
1.11356
0.892605
1.20481
1.45836
1.18009
0.955473
1.04697
1.10068
1.01364
0.695822
0.784875
1.18131
1.4434
1.07297
0.604328
0.851222
1.48198
0.915494
0.706687
0.5356
0.814539
1.40287
0.758568
0.971282
1.07938
1.28532
0.847743
1.17112
1.27421
1.26664
0.593402
1.49419
0.953154
0.584552
1.31364
1.46123
1.07279
0.820582
1.27738
0.978423
1.46342
1.33128
0.507096
0.61214
0.916776
1.39463
1.2396
0.730064
0.885891
1.22752
0.565447
1.35307
0.853908
1.15476
1.15476