2.30207
0.75161
1.9776
1.89813
0.681906
1.0723
0.678732
2.1352
3.07089
1.84393
2.96896
0.771752
1.55547
1.87725
0.50734
0.811304
1.32438
2.37165
2.99741
1.12162
1.55412
3.11155
1.52458
0.878567
2.49458
2.73397
2.34236
2.25483
0.729392
2.29499
2.38435
3.33592
0.632099
2.82589
2.99692
3.10031
0.603778
3.17515
3.44993
3.23167
2.12714
1.85858
1.51189
1.89325
3.07187
1.07804
3.47227
3.3115
2.36189
0.594745
0.78225
1.55913
1.91498
1.97894
0.667379
2.7684
0.534806
1.87848
1.54778
3.27366
2.9968
2.80245
1.84747
0.68337
2.62191
1.44597
2.52657
2.05622
3.19346
2.82003
2.09833
3.46739
2.56307
1.97943
1.82684
3.16746
2.55367
1.65288
2.15204
1.37724
2.76144
0.994903
2.62825
3.43431
3.38853
3.4597
2.76254
3.01633
3.39341
1.90094
1.22929
2.58052
2.65816
3.24155
3.1915
3.00815
3.41612
3.02829
1.45842
1.09781
2.37825
1.79546
1.61614
1.8515
1.97821
3.34031
1.38017
1.99384
1.62065
0.773339
3.37022
0.991729
1.75689
1.76812
2.36274
2.16779
1.46489
3.00241
1.27067
1.31169
2.89694
1.91632
2.6429
2.55293
0.629536
3.19773
0.858303
3.49461
0.879299
2.37275
2.59774
1.89703
3.46336
0.675314
1.19816
2.96835
1.60674
2.48872
1.39494
1.1558
3.00388
2.33393
1.90533
2.13776
0.909452
1.62456
2.56966
1.99408
2.19636
1.27287
0.52089
3.22532
1.24259
1.13443
2.28181
3.1771
1.84161
2.83444
2.77743
3.34532
1.52886
3.11228
1.63543
0.817164
1.08963
0.759789
2.76254
1.57012
0.520768
1.07376
0.734397
3.3209
2.78024
1.94061
0.970367
1.13004
0.59621
2.60982
2.38154
2.82711
1.46818
3.3358
0.668477
3.31297
2.31159
2.29951
1.86871
2.10504
0.824
1.36393
2.84176
3.38975
2.51192
1.50786
2.62288
2.45393
2.83847
2.23444
1.70696
3.47594
2.42549
3.40574
3.10666
1.59758
1.07633
3.23667
2.1131
1.10709
2.37849
1.08792
1.09574
2.76156
1.62017
1.25846
0.912259
3.04831
2.29109
1.0723
2.4322
1.98187
2.37739
2.425
2.59529
1.70196
1.17423
1.20341
2.46858
1.62102
3.15793
1.45964
0.616474
1.76116
3.37291
2.01556
2.52107
1.01444
1.07791
0.91055
0.748192
2.17731
3.19358
0.594012
3.43919
1.46367
2.48103
2.99277
3.3159
1.32096
2.00665
0.971099
1.28593
3.31419
1.25114
3.4962
1.76605
2.1767
1.42216
2.02399
2.87082
2.56172
2.27461
2.24787
1.5313
2.38716
2.92062
1.99628
2.7181
1.43315
2.55269
1.58904
3.0239
2.79696
1.42839
2.56319
1.84136
2.57064
0.933744
1.288
1.39396
1.33842
0.690329
2.77767
2.51753
1.66948
3.12217
2.1026
1.20072
2.45894
2.07501
0.730857
2.6661
1.96051
2.71358
3.15818
1.88592
0.672262
0.50856
1.34989
1.77422
2.15363
2.20576
2.92087
2.20734
2.76107
0.723411
0.701071
1.52617
2.63472
2.46297
1.54472
2.20331
0.683615
2.52925
3.04807
2.49751
3.30943
1.84747
3.16855
0.928495
1.02274
2.07624
2.28632
2.56197
3.00204
2.77047
3.35081
3.14927
2.3813
2.94772
2.29377
3.24192
2.47505
1.93365
2.16718
3.1511
2.14643
1.65606
1.8742
1.93951
0.676412
1.77239
2.76241
0.789209
3.33555
2.76009
0.687399
1.61284
1.23807
1.72027
3.13095
1.38578
3.22117
2.81918
2.6578
1.96808
0.820093
3.09995
1.06326
0.704978
1.28178
3.07773
1.15653
2.06293
1.12308
0.52028
0.983184
3.12632
1.9461
2.04157
2.00751
1.30461
1.32621
1.42924
2.64718
2.53145
3.11045
1.48442
2.85153
1.60442
1.08475
0.75161
1.23612
1.36015
1.10123
2.27216
1.29093
0.509293
2.44136
3.32969
2.29096
3.36143
2.47383
2.6119
2.10846
1.08145
1.54363
2.96493
0.505264
2.11579
2.81295
2.352
3.09177
2.57039
2.19672
3.13791
0.606586
3.24876
1.07535
1.61455
1.32243
2.15815
2.71554
2.1048
1.64837
0.571184
2.18903
3.48509
3.07566
2.30866
1.90631
1.02066
0.833399
2.96005
2.20808
2.3083
2.04022
2.23286
0.56447
0.554827
2.56246
2.77938
2.28901
2.18537
1.01431
3.077
2.74545
0.542497
1.73016
1.01602
2.06818
0.758324
1.91717
2.52034
0.707907
1.92352
3.15061
2.06012
2.5522
2.71578
0.506607
2.1026
0.583392
2.85897
2.60799
1.96649
2.52779
3.08432
0.882351
3.00497
2.07892
0.54445
3.19492
2.74789
1.07083
2.05646
1.3842
1.32878
3.01437
3.34996
1.89154
1.76568
0.547258
1.81182
0.938261
2.42879
1.50542
1.78619
3.49327
2.86105
3.29502
1.4705
3.12204
3.45335
2.27766
0.639912
1.94513
0.544572
1.30363
0.602069
0.800806
2.87362
3.36009
2.85275
1.695
2.04401
1.74407
2.23957
2.62398
2.4366
2.67098
2.20502
1.85955
1.62737
2.84188
2.54671
2.88473
2.17402
2.66659
3.25169
1.54668
2.8431
2.53609
1.95734
2.72665
0.519913
0.74868
0.991607
3.12754
1.43962
1.81378
0.923612
2.48848
0.662374
1.42058
0.957671
3.10361
2.34516
2.14533
1.6961
1.68792
0.578143
0.927274
1.11808
1.83258
1.00076
2.91842
1.45634
2.25043
0.607074
1.36418
1.25675
2.88595
3.30613
2.08124
2.82138
2.74532
3.45054
2.98837
3.05466
3.4586
1.40422
2.72665
1.74065
0.834376
0.74514
1.19449
3.13437
2.46394
2.60384
1.55815
3.22959
1.67864
3.27146
3.02707
2.85177
2.06867
3.25523
2.05438
1.54485
0.624287
3.37925
2.76913
0.884426
2.80355
0.824122
1.61309
1.86077
0.586932
1.54997
2.80355
2.52486
0.591937
1.7
1.6187
1.91949
1.78436
3.26218
3.01303
2.78585
0.518815
2.16828
0.915922
2.39583
2.45845
2.43562
1.59758
0.560442
2.74545
0.713279
2.16535
2.12836
0.636372
2.66341
1.40495
1.08426
1.46403
0.594378
1.11515
3.3834
0.664449
1.84613
2.11274
2.46248
1.24906
0.660176
1.78545
0.565935
3.13877
2.85177
1.82769
2.17048
1.22794
1.43767
1.71868
0.950224
1.75018
2.22822
1.8858
1.96088
2.20954
3.24461
1.84027
1.02127
2.79537
3.25413
3.11789
2.75411
1.16483
1.5407
0.678121
3.46922
2.46944
2.47053
1.62969
1.36479
2.42158
2.63411
1.12626
1.06461
2.48384
1.21354
1.1547
1.30448
2.47298
2.68941
1.71038
0.530412
1.08109
2.95834
3.18125
1.79949
3.13608
1.05362
2.89145
3.35069
2.12714
1.32585
1.98895
2.63436
3.17307
3.2291
1.86615
1.80486
2.20539
1.07755
2.76998
2.80453
1.28825
2.33381
1.72747
1.21989
1.1901
1.98883
3.05734
1.59685
2.37178
2.33503
0.645161
2.72286
1.33598
2.71969
1.14823
2.42341
2.49495
2.5837
0.524552
2.09015
1.80316
1.58953
2.99118
2.98898
1.07828
2.36006
0.767968
2.83676
2.29731
3.01633
2.75021
1.4489
1.76177
3.03854
0.813379
3.13132
1.42326
1.63201
0.812525
1.0839
2.34468
2.29817
3.31773
0.511002
2.73824
1.59868
3.04355
1.47942
0.838893
1.83905
2.37251
1.01431
2.99081
2.73153
2.05487
3.11216
1.93219
2.01654
1.49809
0.515519
2.34346
1.45329
1.9339
0.983306
2.17487
3.09262
0.946196
1.314
3.34739
2.11762
2.42976
2.7159
2.49129
0.576556
2.78854
1.70623
3.05185
2.59883
1.11246
2.6003
1.36735
0.629536
2.73385
3.10739
2.78475
2.74874
1.815
2.97116
2.69857
1.42595
3.11167
1.8786
2.27558
2.03961
0.592181
2.1706
2.53059
0.767846
1.40422
3.09543
0.504166
2.67354
1.56108
1.15238
2.99728
1.23087
2.58675
3.28465
1.19584
3.1323
0.848659
1.82562
2.32246
0.504898
3.317
2.28901
1.79388
3.16538
2.1789
2.10358
1.75225
2.91671
2.21796
1.09061
2.80136
0.987457
3.40977
0.703513
0.674337
3.36753
3.14841
1.1254
0.728172
2.13947
3.37413
1.45756
1.43767
1.11222
1.99481
2.91488
3.15183
1.14347
1.0878
0.765038
1.18241
2.92074
1.23673
3.35069
2.44612
1.69915
3.14512
2.9415
1.29411
0.638203
1.93609
2.97348
2.18696
1.10123
2.77584
3.14145
0.957793
1.12723
1.16837
0.863063
1.06973
0.518326
1.85907
3.43687
0.819727
1.60344
0.801904
2.80673
2.36824
0.584613
2.9382
1.31925
3.30699
2.1496
2.75838
0.588397
1.17777
1.30094
2.69808
0.82046
0.598773
1.65069
0.994293
2.42732
2.96762
0.89761
1.08036
0.910428
2.21796
0.661275
3.06552
2.75228
2.92318
1.09171
2.62264
2.96188
1.95843
0.891263
1.66106
0.799097
1.75787
1.28654
2.25239
1.04288
1.28251
2.82504
2.54085
2.20661
1.91388
1.86138
2.85604
2.39875
2.84982
0.836573
0.923734
1.96112
1.08414
2.46101
2.1568
0.956694
3.30821
3.41624
1.70537
2.13678
1.78716
1.23246
2.89254
0.60683
3.03671
1.76116
0.709861
0.635029
3.09909
1.32194
1.73931
1.31901
2.74923
2.86508
3.08249
3.07224
1.8731
2.55892
2.1789
0.751732
2.62166
1.12809
2.2281
1.9472
2.61373
0.564104
1.38578
2.89523
1.23637
1.64434
2.13337
1.14005
2.92636
0.90701
1.34318
3.16001
2.571
1.15885
0.80813
0.941435
2.44819
1.241
2.69918
1.29691
3.06394
1.29765
2.47139
0.988678
0.725486
1.85028
1.01077
3.37889
1.58049
2.24238
0.557756
1.12491
1.21964
2.07489
1.09818
3.10739
2.76168
2.27754
0.984283
0.998321
2.36702
2.039
1.33293
3.16855
3.33714
3.23655
1.7774
2.47761
1.215
2.02118
2.12702
2.5594
3.28526
2.60823
2.06793
1.50871
1.77459
2.41084
1.16971
2.76022
2.82601
2.62374
3.01096
0.584368
0.609394
2.18244
3.20713
2.91598
0.703635
2.96274
2.39937
2.99875
1.00919
0.828394
2.67818
2.33601
2.62056
2.69747
0.933012
1.18766
2.96567
1.83062
2.1142
0.75515
3.47581
3.4442
1.61821
0.816187
1.0358
1.77703
0.612201
2.25678
2.49116
3.28391
2.48628
3.07175
1.14603
2.69332
2.81405
0.751122
3.16233
2.12555
0.918485
2.29048
3.3618
1.52886
1.78326
3.25254
1.38725
2.53157
3.22349
2.55647
2.26044
1.08402
2.0307
1.62053
2.95322
2.69564
0.561785
2.35054
0.848537
1.7409
1.73223
2.29145
0.617328
2.52058
1.78057
2.95749
1.32438
0.905057
2.05853
0.96292
0.502213
2.34639
0.8146
2.12787
2.19098
1.94537
2.81698
0.934355
2.23505
2.15107
3.33226
3.03696
2.81698
3.11618
3.40257
3.29795
1.16276
0.86697
2.23212
2.30903
2.38276
1.15421
3.30784
2.53792
1.28678
2.67757
2.83395
2.39778
2.26093
2.06879
1.80596
2.98544
2.35664
1.39213
2.50276
3.47484
3.30992
3.09323
1.92694
1.66131
2.64888
3.03305
2.65682
2.93234
0.966338
0.880032
2.15802
0.706565
3.44566
1.83282
1.52544
0.776269
1.48906
0.802026
1.85797
0.928251
1.81182
0.515885
3.36265
1.9743
1.06034
3.36351
1.76458
1.69207
3.29624
0.84695
0.894681
3.14646
1.06803
2.91562
1.04532
2.69759
1.93316
1.25944
2.66414
3.44627
3.39256
0.593402
1.55205
1.05313
2.31196
1.97137
1.914
1.89422
1.27103
2.52144
0.526383
1.53227
2.00262
0.575457
1.25895
3.09714
2.65938
1.93402
2.65438
1.1558
2.22724
0.652486
2.06098
1.61455
1.10758
2.51729
0.629902
1.95294
1.16044
2.51888
1.55828
2.00323
0.720969
0.544694
1.14664
2.27253
1.79424
2.50166
2.61507
0.992828
1.7232
2.65218
1.55022
2.71297
1.31498
0.799341
2.13874
2.27692
0.847682
2.28047
1.77593
0.671896
3.42894
2.37519
1.79107
1.59404
1.78851
3.20481
1.54668
1.24638
0.655538
2.1092
2.94662
1.24406
3.04196
1.87237
1.70061
2.36067
1.7796
2.04181
1.96136
0.545183
0.959136
1.63091
2.83529
0.693381
3.16733
1.06668
1.16202
2.40217
1.76629
2.69881
2.74325
2.07953
1.63994
2.66305
3.49327
3.3314
1.66204
0.879299
1.77239
2.61568
3.3574
1.83197
1.90997
2.5417
3.07028
0.89993
1.88397
2.77792
2.82284
2.0119
2.2038
2.79989
3.37107
2.6335
2.45405
1.60649
1.86651
2.9216
1.55046
1.56157
1.8985
2.73348
3.28379
1.56706
0.558245
0.74868
2.50984
1.40886
1.64849
3.33604
2.63375
2.40925
3.25938
3.3419
2.65963
0.824122
1.69927
3.31809
2.09857
1.77288
0.912259
2.31977
3.10556
0.857082
1.35551
0.973907
0.541643
1.02029
2.83883
1.66997
1.4987
1.86395
3.08383
0.553117
2.32502
1.43864
1.85675
3.16208
1.76287
2.5638
1.79022
0.529679
1.89911
3.49388
3.17026
0.583392
3.1417
0.651021
1.72112
2.80514
3.42027
3.34104
1.08866
1.85125
3.47423
2.29865
2.41841
2.00616
2.53951
0.957305
0.516617
0.724143
1.04007
0.525895
1.2465
0.72219
1.09806
1.63237
1.05838
1.39018
3.17392
3.19187
2.72921
0.843532
2.43818
3.06296
1.04776
3.36302
2.55733
0.808741
2.12409
3.06845
0.511612
2.56587
3.06333
2.91708
1.16666
1.35148
2.0661
0.866848
0.554827
3.11692
1.43156
2.43477
3.30723
1.65752
0.814234
1.34672
1.25895
1.86419
1.62395
1.00125
3.3513
3.02524
1.42082
0.552873
0.800928
1.08048
0.5862
2.82333
0.891995
1.96344
1.43706
1.50749
1.80474
3.26902
3.40782
2.89047
2.65072
1.02994
2.92062
1.79522
0.829005
1.33879
0.668966
1.89044
1.72002
0.751976
0.915922
0.921537
0.624287
1.12577
2.91147
1.34501
0.87759
3.18369
0.842311
1.89715
0.510147
1.34196
1.23295
2.59188
1.92584
1.59905
2.92233
2.10797
2.90817
3.03403
2.38325
0.635029
2.76339
0.564348
1.50505
2.0484
1.75689
2.23164
1.58293
2.63741
3.11716
0.76577
0.970855
2.7192
3.11692
1.19999
1.38542
1.17862
2.84115
2.36872
2.26606
3.45872
3.2523
1.83465
1.14127
0.998077
1.07132
0.959258
2.33467
1.88458
2.73312
1.62212
2.80941
3.02084
2.45845
0.870754
2.61727
3.21482
2.73592
2.79501
0.949126
2.92184
1.35588
1.98956
1.65654
1.96832
0.758934
3.26634
0.613544
1.6939
1.63359
3.33567
3.46373
3.11032
1.77447
2.49519
0.510025
1.9555
2.73019
0.726951
1.25517
1.41154
2.51253
1.21793
1.03934
3.10398
0.709616
0.594012
3.11997
1.04886
1.37394
2.06525
0.946318
0.558489
0.705466
2.52803
0.6863
3.30088
1.96271
3.36204
3.24155
3.44029
2.03656
2.45418
1.68157
1.21537
2.06061
0.702658
2.12677
3.16062
3.43199
2.09125
1.36686
1.44975
0.915799
2.3
0.982208
3.44249
2.38862
1.9389
1.45231
2.74984
0.833399
3.12656
3.12485
2.62459
1.53496
1.15983
1.28935
2.20319
1.76275
1.6209
3.29258
1.74456
1.71319
0.788842
1.24381
2.48579
2.69478
3.49669
1.85943
0.837916
1.2233
1.83258
1.4738
0.684469
2.68038
2.79733
0.724509
0.637226
0.512101
1.45695
3.27439
2.09296
1.39128
0.92642
0.595477
2.60909
2.20099
2.79989
2.76547
0.628071
1.90448
1.45
2.326
3.06345
2.85897
0.676534
3.00449
3.17624
3.07407
3.2031
2.12458
0.83047
3.36473
1.66924
0.657735
3.47581
2.54793
2.58406
2.55025
3.11716
2.34187
3.30796
0.548235
1.72308
2.52058
1.9256
2.00946
2.22394
1.93573
3.13791
2.67171
0.695212
1.68316
1.9472
1.19474
1.02335
2.00739
2.85775
3.26414
3.18332
2.45808
2.70846
0.618305
2.75948
3.13779
2.21393
1.81329
0.514664
0.96878
1.30143
0.569353
2.11628
1.90753
2.77828
2.24836
1.77984
1.90106
1.94562
0.785546
0.6863
2.19404
1.55718
1.20658
2.8298
2.19819
2.29231
2.33357
2.93002
2.74899
1.12003
3.16135
1.98383
2.48775
1.45439
2.75948
1.40031
2.72079
3.06125
0.899808
0.739402
0.606342
0.707663
1.51006
1.51213
3.16697
2.50435
1.36662
1.7835
3.30186
2.73873
1.43254
2.17621
2.9476
0.894559
2.77596
0.815699
0.916288
2.82882
1.09049
2.32636
2.75692
3.20444
2.74056
1.72466
1.76507
1.49394
2.15339
3.41197
1.73589
0.621479
1.6878
2.56795
2.12653
1.21732
3.33421
3.24314
3.06211
2.10846
1.07584
1.90472
2.70418
1.64177
3.14194
3.228
2.48689
3.35093
2.81088
1.74908
3.22385
1.02481
3.2009
0.636372
2.14936
3.28843
1.49858
3.35081
1.61284
2.88742
2.18305
2.38252
2.25764
0.809229
1.54253
1.20292
0.746971
2.21809
0.978301
2.4676
2.44514
3.43223
0.799707
1.47746
1.43339
1.40422
2.57918
1.36637
1.25578
1.24491
0.781396
3.38194
0.883938
1.8836
2.19355
2.86239
2.82064
2.89242
3.1279
2.71212
3.29038
2.49739
1.83709
1.55889
2.62532
1.73614
1.5219
1.28275
2.77279
1.58098
1.26566
0.834132
3.13767
3.08054
0.502823
1.21525
2.03632
1.57097
1.07425
1.28166
2.09186
1.29276
2.72445
2.07465
2.85409
1.40373
3.18357
1.83416
2.88742
1.81549
3.16086
1.80401
2.13581
3.38572
0.514542
2.2718
2.85141
1.16605
1.62798
2.4344
3.11777
3.13388
3.39915
2.4803
2.31233
2.19868
3.43956
1.22709
2.95566
2.41389
2.71944
2.02228
1.00223
2.28181
2.6202
3.17978
1.61675
2.64876
0.744896
2.73165
0.61269
2.96664
2.8226
1.49528
2.1175
3.47703
2.31196
1.14493
0.756737
3.14487
1.77752
1.8775
1.68694
1.10636
2.48958
1.55437
0.804712
3.08249
3.18772
2.68282
2.68954
0.782006
3.08396
0.511246
0.845851
1.13553
2.23457
2.70284
1.71783
3.08615
0.869045
1.52373
2.2757
1.42936
1.87933
0.833766
3.29405
2.28339
2.26753
1.00296
3.43907
0.561419
1.91522
3.13279
2.44917
3.40538
3.01193
1.6148
0.600238
1.89093
1.53801
2.21271
1.23783
0.565935
1.95599
2.25715
0.512345
2.69637
1.48369
1.92328
2.31635
2.38301
3.26902
3.1998
0.777734
0.637104
3.43126
2.17914
0.95584
3.41185
0.906888
2.48311
1.12626
0.70217
1.36906
0.581072
1.26762
1.4622
1.50285
0.721702
2.16254
3.40696
2.05243
1.56963
2.40168
1.66558
1.72991
1.11209
3.41258
1.76959
1.44755
2.3487
1.36454
1.50627
2.35322
2.78756
3.41319
1.55644
2.86386
0.525895
1.67205
1.68096
0.762841
3.22117
2.18207
0.658834
2.17255
2.08856
0.602435
0.998932
0.660176
3.44212
2.02765
1.51457
3.39024
1.06754
0.740257
1.73309
1.33329
0.555315
1.42167
2.06928
1.38981
0.823267
3.49913
2.1728
2.94455
0.750267
3.14023
3.40709
2.26545
3.18247
0.509293
1.09732
1.18265
1.20402
1.21268
0.857814
2.52425
2.15278
0.508438
1.13321
2.21345
1.68084
3.42076
1.38725
3.25828
1.22782
2.90219
3.26048
2.50618
1.66997
1.86712
0.655416
2.25593
1.02786
2.19514
2.1496
0.55678
1.03397
3.10019
3.42467
3.2916
0.665914
3.38585
0.77871
1.73638
2.1142
0.686178
1.32743
2.66329
0.568377
3.05905
3.46934
3.13877
2.09223
1.29447
1.095
2.6379
2.22846
1.52141
2.06574
1.22098
1.24564
3.14158
1.50871
2.41694
3.0604
2.78011
2.78744
0.577776
0.618915
2.41304
0.534806
1.43132
1.75652
0.730979
1.88946
1.30058
1.03751
3.39048
0.518937
1.66997
1.42985
1.51823
1.32475
3.28391
2.01032
2.081
2.59725
1.78094
3.04697
2.72921
0.896268
2.12433
1.35868
0.763085
2.33735
1.46135
2.19257
1.28593
0.658834
2.72713
1.80963
3.34117
0.928861
2.23151
0.771264
2.94369
2.5909
2.93881
1.8283
1.79351
2.69967
0.569353
2.19037
1.02457
0.559832
1.49345
2.21686
2.6617
1.71001
3.12449
0.950468
2.5782
1.75738
1.76519
3.00143
2.19843
1.48698
2.02435
1.76128
0.684347
3.02011
0.810572
1.10855
1.9859
3.3187
1.06314
3.40464
2.57356
0.850124
3.39805
2.25703
2.33442
2.65535
2.91586
1.95209
0.505997
2.76595
0.85049
2.9559
1.19694
3.3806
1.67071
2.15082
1.19962
1.90509
1.67559
1.46196
2.40388
1.11832
0.850124
2.16083
0.544694
1.26713
1.01236
1.81219
0.670431
0.628925
1.21134
1.20011
1.93255
0.666646
1.11722
0.818873
1.41777
3.10776
1.47136
0.523698
1.38212
1.05277
1.58769
1.2299
2.88961
1.42338
2.52242
0.946074
2.94504
2.00043
0.734886
1.93841
3.27378
2.80416
1.52068
3.42991
1.63543
1.71258
2.20991
2.35444
2.41951
1.26432
3.42857
2.15302
3.0925
1.20292
0.959014
3.24155
2.5721
2.36714
2.86068
2.84042
0.602191
1.58257
1.06961
3.12876
0.615375
2.47456
1.86224
3.4702
3.37547
2.24799
3.27012
3.04941
3.02939
2.15033
2.33418
3.04563
0.766991
1.49516
0.753441
2.62008
2.23774
1.56743
1.60515
2.25495
0.737083
2.88656
2.38679
1.6491
0.542375
3.19749
2.37422
2.07477
2.30891
1.5468
2.27375
1.24931
0.744163
2.49861
2.93454
2.52998
3.07968
2.00848
0.586077
3.27256
3.01852
2.13886
2.85495
2.10944
2.31269
2.53523
1.39604
1.1702
2.08136
2.37275
0.72866
1.18094
1.47331
0.846339
0.923246
1.47185
0.804468
3.49303
0.743187
1.46928
1.82623
2.11847
0.981597
2.49702
0.890896
0.803613
2.30976
3.49498
1.48247
1.53642
1.24674
1.69903
2.82357
0.882351
1.34721
3.40757
0.58681
2.15693
1.30888
1.0762
3.02487
1.60857
1.24662
0.655049
0.675924
2.99557
1.78802
2.24335
1.6281
1.54802
0.670553
3.14048
0.84341
3.10251
2.14692
3.15415
0.576922
0.572039
1.13077
1.11576
0.718162
1.5645
0.835841
2.05499
0.984405
2.983
1.8128
2.82162
0.716941
2.78329
0.976348
3.23777
0.572527
3.33726
3.00034
1.33891
0.784936
1.2985
2.80172
3.28391
0.562761
1.7105
1.28715
3.13388
3.03818
2.38557
1.15519
1.86297
0.72573
2.05329
1.99518
2.32344
1.30387
0.602557
3.25242
3.49791
1.51189
0.507828
1.89935
3.36558
1.93048
1.35698
3.42088
0.759423
1.36174
2.97409
3.0477
2.65999
3.43687
2.5157
2.30061
3.44932
0.86343
3.34727
2.03766
0.678365
1.67656
3.41588
0.938505
3.38304
2.15339
1.22404
1.29044
1.25089
2.21027
2.82247
1.63189
3.34727
1.74859
3.21726
2.90988
1.84869
0.772607
1.9461
1.53764
2.68538
3.11008
2.20771
2.59969
1.19974
2.98959
1.20328
3.42467
1.86212
1.69951
1.60625
2.80233
0.647725
2.91256
3.27476
2.63143
0.624775
3.09836
2.54317
0.824244
3.26231
1.97589
2.53572
1.2974
1.67681
2.41011
2.91147
1.87689
1.29521
2.57979
1.58623
2.54036
2.83493
1.66143
1.28703
1.81378
1.4113
3.06931
3.17295
3.32237
1.81414
0.705344
1.93182
1.42778
2.54305
1.63274
3.2208
2.30744
1.35771
3.03269
0.726951
1.9577
2.92929
0.821192
1.64422
1.37443
2.73507
3.20029
3.38939
2.12238
3.22105
2.17292
0.745018
1.16935
2.55855
3.29917
1.12711
3.3502
3.29209
1.85308
2.11225
1.55071
1.24247
2.93832
2.08441
3.00815
1.5717
1.33708
0.929228
1.70721
2.09906
2.97702
1.52995
2.98154
1.66729
2.81002
2.83688
1.5595
1.84857
2.48604
1.99518
0.897122
2.92233
2.9548
3.19492
3.32505
0.970611
2.39058
1.07584
2.54427
0.83694
3.43358
1.94208
1.29228
1.89666
2.18342
2.09955
1.59905
1.97455
3.04086
1.25736
1.65032
2.35994
2.01288
1.60076
1.21818
1.05533
2.232
0.839991
3.44932
2.56233
1.7625
1.84979
0.884915
1.8764
1.85406
0.812647
2.61361
0.677633
1.34208
0.922147
2.31208
1.48723
1.57732
2.50545
2.69991
0.721946
2.50545
3.14866
1.47148
2.64827
1.27421
1.62774
2.013
1.53716
0.685812
3.47826
2.4167
2.47969
2.02509
1.69658
2.06561
0.548112
3.3137
2.11579
2.81674
0.701804
2.62239
2.40376
0.854152
3.47569
0.814966
2.25239
0.542619
2.86215
1.75359
3.12497
0.598407
2.29865
0.898587
1.78179
0.964995
3.20212
3.41905
0.534562
2.5168
3.35923
3.16416
0.860378
1.24894
3.16562
0.599017
2.03229
0.957793
1.44511
2.44331
1.29435
2.9747
0.907376
0.948149
0.820704
2.07428
1.21049
0.648579
3.25596
3.12009
1.03226
1.87371
2.17304
1.64763
1.19388
2.26862
2.2978
1.82684
1.96881
1.77154
2.00299
3.17246
1.70757
0.977447
1.63738
1.44621
2.19514
1.86883
3.12168
1.51897
1.21549
3.48387
0.6863
2.64058
3.32176
2.4604
1.83905
0.575213
1.02823
1.45
0.718772
3.10801
1.15421
1.98688
0.818873
1.64653
2.99887
0.790551
2.29572
2.7452
2.57015
2.14728
1.0712
2.20685
1.98627
2.30488
1.65996
1.19376
2.49727
2.00299
3.19797
1.773
0.885281
0.902738
3.08237
2.785
2.24299
2.94528
3.13681
0.902738
1.74993
1.92132
0.544939
1.01749
2.8392
2.33869
2.9874
0.505264
2.72127
1.6939
2.5024
2.58919
1.24186
1.89776
2.94296
1.32475
1.42167
3.24216
2.10321
2.11432
2.36738
3.40696
2.6274
1.523
2.66292
2.18134
1.03262
0.708396
1.83026
0.588763
1.37944
2.81161
1.23368
1.52812
3.09909
0.523942
0.516129
1.94452
2.80551
1.41203
2.1286
3.00632
0.83816
0.998932
3.30088
1.35673
0.918973
2.1286
2.12763
0.525163
0.627338
2.09223
0.897122
1.87371
0.999786
0.918973
3.36607
2.85067
3.3806
2.87497
1.59917
2.46553
0.910184
2.20844
2.77255
2.25312
1.98175
1.34037
3.46593
1.88018
0.796533
3.31065
1.75787
2.88681
1.82659
2.02521
1.49821
1.28019
0.798608
1.90374
2.28632
1.43559
0.647847
3.42381
1.62297
2.77975
2.97763
3.0134
1.90521
1.91302
1.14225
1.2797
1.95025
1.53423
2.9321
3.18149
2.12922
2.60738
2.55818
1.81939
1.13016
2.96518
3.20664
1.6375
2.94748
2.26496
0.929594
2.15033
0.917508
1.09635
2.15424
1.63482
2.57039
2.99057
2.06977
2.06647
3.32127
2.62008
2.49825
2.14216
2.94015
1.99237
2.21284
1.99579
0.981841
1.87152
2.52693
1.05057
1.95416
2.73775
2.08246
1.21085
1.66106
3.00949
2.96432
3.44859
2.19416
3.26304
1.92547
3.42955
2.71773
2.23359
2.44502
2.85336
2.64339
3.01682
1.18888
1.3853
1.24369
3.03623
3.31761
0.55739
2.14606
1.23002
2.38044
0.987213
3.43712
1.67449
0.991729
3.42674
2.11005
2.03375
1.41874
2.80929
0.538591
1.6375
2.4012
3.39879
3.44908
3.24009
2.81173
2.10358
1.66167
1.53813
2.71102
1.28336
1.98383
1.68487
1.867
1.4152
3.13047
2.00348
2.96237
3.24497
0.92935
0.790796
1.85662
0.625019
2.24262
1.88714
0.697043
2.61715
1.11515
1.85846
2.23823
2.9111
0.796899
1.77923
1.44829
2.0174
2.8685
1.91974
1.02603
0.532243
1.8399
3.03281
0.721335
0.797754
0.90408
0.645772
2.19269
1.49736
1.39189
2.23188
2.67855
2.36836
2.86337
1.01785
2.9808
3.1417
3.43919
3.26804
3.15171
1.19803
2.81185
1.79192
3.29722
1.87835
1.49358
2.68978
2.76559
3.29795
3.06626
2.24799
2.03119
0.981109
1.24992
2.2967
1.73553
0.529435
3.38963
1.26945
3.47386
2.73983
2.47005
0.779931
1.86334
2.81137
0.635273
2.37532
0.819605
0.623432
1.9765
0.617817
0.787133
3.13584
1.47832
0.95999
3.05466
1.6032
1.4749
1.30497
3.08982
3.40562
2.71737
0.634419
1.13248
1.64678
3.06589
1.15506
1.08683
2.01434
2.75326
2.17707
0.864772
3.06516
0.924345
2.56233
2.19123
2.34809
2.64547
0.693381
1.97797
2.03485
1.16361
0.93936
1.39836
3.12412
1.48039
2.62825
1.69805
2.73934
1.15616
1.06986
1.33659
1.99335
1.42814
0.621235
1.26322
2.6932
1.07535
1.8941
2.34346
3.19395
1.71099
2.68465
3.36082
3.34532
2.75863
0.875271
2.53975
1.69121
0.991852
2.76925
1.88043
1.50884
1.7669
3.49046
1.90216
1.00113
1.14408
1.26066
2.99362
2.51473
2.51448
1.56499
2.889
1.1453
2.37483
1.58892
0.798853
2.53499
2.33149
1.94098
0.91055
2.18513
2.15851
2.43989
1.98761
2.35554
1.14566
1.73296
3.15049
3.04379
2.58834
0.681661
0.530656
1.43962
1.48943
2.82968
0.692038
2.89047
1.82061
3.23862
1.26041
1.4406
2.83358
1.51164
1.17362
2.13947
3.2252
2.56807
0.53737
3.03598
0.71279
2.04279
0.700705
2.35115
0.781884
2.89157
1.13517
2.55293
1.27238
3.38426
1.63494
0.905667
2.185
2.88668
2.37812
3.28965
2.88485
1.30253
2.62362
3.22715
2.55464
2.90951
2.99472
1.14493
1.17191
3.12387
1.75555
1.46635
2.62752
1.74505
1.46489
0.768212
1.81426
1.60088
2.70223
2.16376
1.82904
1.78936
2.80453
0.684103
3.42149
1.5833
0.949614
0.562639
1.94012
2.785
3.07553
1.3549
2.47823
2.8525
1.18082
0.997711
3.17917
2.63875
2.16803
0.651143
3.28343
3.19456
0.978668
0.769433
2.51839
1.39323
1.01407
2.29353
3.42662
2.11859
2.94247
0.980621
2.33125
1.69427
1.08316
3.12522
1.40666
3.08225
3.11875
1.47111
2.32966
0.586444
3.46666
3.15488
1.59258
2.32795
2.01813
1.773
1.25651
1.67119
2.7037
2.53304
1.27567
0.62038
2.35017
2.60225
3.41685
1.73321
1.13846
2.77706
1.32414
2.78549
3.28733
3.41331
0.680685
3.34568
1.45207
0.887844
0.994903
1.25053
3.02792
1.58452
1.03018
2.55025
1.98761
3.46471
0.565325
0.814844
1.11075
1.18619
1.7857
1.53056
0.946318
0.95706
0.578631
1.05338
1.29398
2.62752
1.53862
1.85736
1.54094
0.733055
1.85711
1.11112
2.77462
1.15848
1.62664
1.23734
1.68914
1.06986
3.19504
1.19608
0.756981
1.55815
1.8714
1.56633
0.692526
0.683981
2.45015
3.19724
3.06845
0.916166
2.76449
2.23579
1.12149
1.54839
1.46355
2.59395
1.58318
1.71795
3.02963
1.94122
0.944121
1.85003
1.00931
3.42906
0.760033
3.29563
0.626972
1.12687
2.50569
1.14493
2.39814
2.95859
1.14554
0.805689
3.24424
3.30198
3.03879
2.66158
2.95187
2.44795
2.85202
3.41124
1.52556
1.37101
1.55156
2.90365
3.39927
2.09845
1.80767
3.32469
2.70443
1.30229
1.6895
1.45915
3.39219
0.555193
2.18952
0.896878
2.82015
0.807276
1.83294
1.07889
3.40013
1.99493
0.709128
0.643086
3.16099
0.842555
3.01889
1.09256
1.96344
2.18598
3.04123
3.26365
2.69478
1.59099
1.33927
3.14096
1.92706
1.66155
3.13779
1.62847
2.41731
0.747337
1.55596
2.05695
2.02301
0.568743
1.3621
0.994659
2.83004
1.86602
0.911893
2.46821
1.43876
2.79965
1.64788
1.23539
1.95685
3.33946
3.36595
2.02496
3.38853
3.33091
3.39512
3.24375
3.27732
3.26218
1.22684
0.870266
3.43651
1.77068
1.35917
3.36241
1.52239
2.44539
1.61272
1.49944
2.12116
3.31895
1.56145
1.48173
2.35176
2.61715
3.20444
3.41514
1.51872
2.78549
2.95993
2.93112
0.854518
2.34114
3.11972
3.41221
2.54183
1.65337
0.953764
3.42357
2.30317
2.09821
2.01703
2.97678
1.34928
2.68245
1.47807
1.88055
1.75311
2.34028
2.57283
1.21964
0.992218
2.4875
2.73507
2.77279
1.40532
2.15448
2.27656
0.810694
1.67266
2.18989
1.50456
2.61812
1.42985
0.526749
2.70443
1.60613
0.542863
3.41111
0.604633
2.01825
3.29112
2.09198
3.07675
2.0268
3.05966
3.46654
2.01874
1.01553
1.29106
1.63616
2.11298
3.00229
2.51167
2.13446
1.67705
2.87594
1.71258
2.00763
1.30399
3.17954
0.603778
2.24567
1.71014
0.793847
1.31437
1.75872
2.01398
1.95331
0.55678
2.97458
1.51079
1.96258
2.04315
1.95941
2.35298
1.96503
3.06503
1.34233
3.05161
1.63567
2.62764
3.1345
2.38752
2.81381
1.82916
1.90863
3.39024
2.00079
3.35044
1.55193
2.38264
3.40355
2.47322
2.46895
2.52351
2.72481
1.53887
0.98648
1.72149
1.61089
0.972198
1.29582
2.8508
2.67867
1.90399
1.25956
0.862331
3.42906
2.68856
1.8587
2.36274
0.797388
1.50578
2.95578
2.34504
2.65902
2.68392
1.90179
3.2728
1.34843
0.929716
1.65093
0.70217
2.44197
2.16132
2.86715
1.83026
1.4655
2.47017
0.882229
2.95614
1.07901
2.95212
2.26923
0.910062
2.16596
1.00162
0.701315
1.41044
0.80166
3.10752
1.30107
2.8486
1.37883
1.30021
2.55757
1.37883
1.64251
3.1008
1.78924
2.72738
2.21406
3.27451
0.762719
2.65133
1.10282
2.04132
1.87786
3.27354
1.27555
1.99127
0.616474
1.09281
2.05731
2.79989
0.905911
1.18607
2.57186
2.34602
2.75057
0.991974
2.71407
1.50432
2.40681
0.805322
1.55681
2.11457
0.610004
1.49187
1.90423
1.17655
0.51381
1.01944
1.3339
0.941435
2.90719
3.09067
1.39201
1.3925
3.24888
1.98846
0.592425
2.80844
1.7824
2.76998
1.23283
1.21964
0.915433
1.53301
2.72335
3.21006
1.45964
1.77703
1.91461
1.39799
1.20255
1.97967
1.87725
3.40123
1.06217
3.41954
2.2552
1.10074
2.25056
0.568743
2.38581
1.1724
1.93585
0.507828
2.86032
2.56307
2.93857
0.739158
1.30107
1.24247
1.24723
2.91256
2.29609
0.932035
1.67937
1.08512
2.53645
3.06589
0.949614
1.87872
0.692892
2.62386
2.9067
1.22269
2.92392
1.66729
3.18113
2.44148
1.82
2.9111
2.5295
1.83197
2.57161
0.517838
3.29978
3.33457
1.99042
3.31993
2.02704
2.45979
2.17866
3.46483
1.25687
2.93332
1.80071
3.18711
1.25394
1.53972
2.25971
0.840358
1.5689
2.50899
3.25291
2.79147
1.57414
0.838038
2.42634
2.12238
1.97711
3.17539
2.08405
1.21342
0.685202
1.30839
1.87896
3.35667
1.99249
2.64925
3.35191
1.08353
1.82708
1.7315
1.18314
1.73284
3.20371
1.65789
0.871487
2.56905
0.590228
1.36308
0.563128
1.65032
1.91095
2.90292
2.97702
1.53887
3.01901
2.25544
2.5229
1.56877
2.30476
1.33757
0.75869
1.43449
2.84164
3.30039
2.28449
1.19999
2.38044
2.1883
1.88995
0.968413
2.61019
2.97934
0.926786
1.93451
0.600238
2.08234
0.672384
1.24308
2.61458
2.64937
2.31245
2.81051
2.90487
1.49956
1.74029
2.42952
2.00311
0.542863
1.66594
3.19968
2.1424
1.78399
3.22703
0.753197
2.41121
0.888089
2.67611
2.07831
1.21305
2.85482
0.686911
1.70244
2.73898
1.31681
0.593036
2.87912
1.05081
1.98297
3.47801
0.9335
1.70586
0.787011
1.88934
2.09223
1.80645
1.54253
3.43565
2.23139
0.836085
2.79769
3.27732
1.79901
2.90866
3.26414
1.73956
1.29484
0.71926
2.91183
0.954009
0.969512
2.87924
2.76864
1.43303
1.39946
2.04157
2.15278
0.649678
1.30253
1.06009
1.80694
3.15329
1.2902
1.43986
2.51485
2.95956
1.6939
1.37504
0.649922
3.05539
1.34611
2.14216
2.65963
0.852321
3.45482
1.87017
1.96356
2.07611
0.824244
2.84249
2.23713
1.23356
0.558245
1.57207
1.17325
3.01669
0.767846
1.36576
0.604877
1.85614
3.1185
2.19977
2.28925
2.57064
1.84234
2.45418
2.40474
0.608905
1.86065
1.66741
1.06253
1.50237
2.7203
3.28172
2.31904
2.85897
2.17548
1.67583
0.819483
1.50981
1.8869
0.984283
1.64409
1.57854
0.728172
0.807398
1.70074
2.94943
1.68218
2.55635
1.55132
1.85174
1.28068
2.70077
0.642964
0.983795
2.29646
3.06003
2.27058
2.06
3.37486
2.1142
3.07907
2.42219
0.838038
1.04349
3.14695
0.534806
1.52165
2.63668
2.00763
1.09684
2.08344
0.838038
3.29099
2.01679
2.59359
3.37693
2.08576
1.2299
0.61269
2.38838
0.920316
0.921903
1.99274
0.761376
0.920316
0.606098
2.44343
3.29051
1.45891
2.21552
2.52669
1.98407
1.815
2.83029
2.19782
0.558977
2.9631
0.738914
1.57036
0.8605
0.984649
0.742088
1.92022
2.20832
2.26057
1.81903
2.92441
2.41816
0.79165
2.45698
2.07892
2.06476
2.29072
1.04825
3.45482
0.882839
0.953032
3.13962
2.08246
1.81622
2.77865
3.38462
1.59355
1.93548
2.20624
2.16254
2.16108
1.4445
1.68206
2.8702
1.2559
1.80596
0.877468
0.644917
0.940947
2.02326
1.76312
0.950591
2.45235
1.38993
0.835597
1.25541
0.558733
2.89315
1.01505
1.92328
2.05499
2.46175
1.0762
1.14408
2.63912
1.9273
1.30045
2.71114
3.01059
3.49693
2.8685
0.77102
0.964019
1.57146
2.84164
1.41191
0.851222
1.36406
3.20542
2.28193
2.28193