1.96545
1.80627
0.255745
1.96496
0.859584
1.79083
1.87872
0.402417
0.415174
0.97586
1.202
0.0661641
1.63994
0.22309
0.457106
0.491897
1.6516
1.49522
0.849879
0.816431
1.5454
1.53362
1.74828
0.16419
1.55901
0.284921
0.158696
0.57564
0.419752
1.53294
0.0510269
0.384411
0.317148
1.58116
1.90136
0.143681
0.16071
0.700278
1.78185
1.31388
0.201605
0.313303
0.450392
0.223579
0.19892
0.606952
0.237129
1.52617
1.02322
0.471938
1.61602
0.0911283
0.481216
0.354808
1.8692
1.52593
0.062685
1.80749
0.448073
0.115482
1.8985
1.88202
1.85382
0.322703
1.40001
1.96893
1.42698
1.87933
1.30424
1.54595
1.08292
0.474319
0.417982
0.0350963
1.53777
0.347056
0.490738
1.26133
0.359447
0.385266
1.75134
0.912992
1.56279
1.95508
0.210395
0.254219
0.712119
0.239143
1.15159
0.713218
0.0291757
1.40367
1.59825
1.18046
1.77422
0.73751
1.08853
1.61632
1.97272
1.63842
1.66295
1.55437
1.46611
0.0612201
1.7625
1.5186
1.60967
1.96637
0.301706
0.318308
1.96081
0.353099
0.0599994
1.56951
1.69073
0.325205
1.27982
0.48146
0.350047
0.202765
1.60198
1.97491
0.22486
0.0994293
0.349132
1.88812
1.8446
0.761742
1.95874
1.69353
0.252693
0.401807
0.248482
0.85287
1.78216
0.1142
0.495621
1.3535
1.94665
0.0249641
0.805445
1.51994
1.96698
1.79785
1.97674
1.6538
0.342784
1.63262
1.57585
0.934599
1.65331
1.50749
1.76861
0.488357
1.64989
1.17472
0.0155644
0.931852
0.729759
0.210761
1.64013
0.0471816
1.5764
1.91272
0.204169
0.377575
0.0482192
1.58245
1.41215
0.599506
0.0755028
1.85955
0.0744041
0.414686
1.9245
1.86041
0.423536
1.69237
0.206549
0.291025
0.346446
0.522843
0.997772
1.63018
0.837245
1.64415
1.75201
1.53496
1.74017
0.278146
1.99854
0.213813
0.949492
1.60851
1.79669
1.03067
1.15354
1.77734
0.400708
0.374157
1.52831
1.29618
1.61321
1.90905
1.65911
0.11066
0.964568
0.510697
0.410169
0.713767
1.69158
0.0460219
1.79278
1.75964
0.318247
0.452223
0.365612
1.86926
1.78954
0.899442
0.0621967
1.84234
1.95416
1.62828
1.10129
1.77758
1.66759
1.29063
1.56743
1.80786
1.96899
0.815882
0.237007
0.434828
0.109806
1.89093
0.404553
1.80187
1.74645
0.241096
0.39845
1.91711
1.87494
0.457961
1.53697
0.207892
1.83813
1.87371
0.0457167
1.11301
0.0529801
1.50194
0.227485
1.02915
1.20286
1.66576
0.672018
1.45701
1.5548
1.79925
1.84704
1.78173
1.28648
0.628437
1.4011
0.17066
0.141911
1.07663
0.374584
1.72863
1.68841
1.83184
0.407788
1.89514
0.464492
0.457228
0.338206
1.32884
1.82458
0.110843
1.52245
1.60875
0.0640278
1.49138
1.4937
1.02957
0.0603656
0.185369
0.104984
0.0473647
0.31605
0.294076
1.93347
0.901273
0.390393
0.057741
0.0391858
1.73406
0.843165
1.87347
1.99908
0.0277718
0.407361
1.61199
0.372692
0.128361
1.14884
1.62261
0.478774
1.88226
0.515519
0.279977
1.95795
0.666768
0.242683
1.8775
1.00809
0.108707
1.34318
1.14548
1.69396
0.0155644
1.07895
0.0459609
1.99609
0.337352
1.67919
1.84069
0.039491
1.58953
1.1099
1.71728
1.77258
0.326487
0.438978
1.72832
1.99713
1.74621
1.71905
1.88989
0.60213
1.64562
1.78246
0.129704
0.369396
1.72692
1.7337
1.78063
1.63695
0.425123
1.82305
1.97345
1.77581
1.45354
0.225349
0.366771
1.92853
0.435682
1.73357
1.98413
1.15836
0.102969
1.57097
1.73388
0.326365
1.25913
0.395032
1.93731
1.86035
0.380566
1.75335
0.352611
0.113773
1.13236
1.79876
1.6917
0.434767
1.7951
0.874355
0.590838
0.511429
1.58495
0.465224
1.67095
0.414502
1.57024
1.64678
0.263985
0.120487
1.65447
0.359508
1.2515
1.90149
0.364452
1.34452
1.08133
1.67095
1.65752
1.60955
1.52623
0.22956
0.113041
0.291513
1.7243
0.295663
0.185614
1.58592
1.96045
1.60155
1.61943
0.3614
1.6195
1.63878
1.58715
0.719749
0.624958
0.921293
1.81848
0
1.01486
1.73589
1.82049
0.355602
1.86023
0.132878
0.0250252
1.65984
1.6137
0.122196
0.367504
0.373669
0.0551164
0.759606
0.251778
1.58342
0.539689
0.0787378
1.73693
1.17954
1.73901
0.39143
0.836756
0.113224
1.79516
0.34901
1.9671
0.138859
0.166875
0.837794
1.40751
0.0177007
1.5294
0.202948
1.71496
1.695
1.88824
1.63518
0.223395
1.28159
1.54491
1.58232
0.42848
0.906217
1.14054
0.613605
0.350169
0.172185
0.097293
1.44456
0.415967
1.30021
0.40492
1.91186
0.336009
0.284066
1.87262
1.79437
1.73919
0.360363
1.95172
0.496902
0.741844
0.0759911
1.88946
0.61916
1.81646
0.380871
1.74767
1.57103
0.885098
1.12174
1.61437
1.50511
1.48924
0.000183111
1.61211
1.55138
0.275155
1.95819
1.96637
0.165777
1.37523
1.36851
0.777367
1.81304
1.52971
0.645466
1.70287
1.64116
0.622761
0.483352
1.81628
1.64953
1.90307
1.69671
0.17066
0.250374
1.38871
1.64922
1.93194
1.55864
1.78448
0.196844
1.11399
0.319834
1.17997
1.83575
0.0213019
1.64013
1.86224
0.254158
0.155766
1.17215
0.286569
1.68542
1.57048
0.990143
1.25663
1.10794
0.117008
0.399182
0.360729
0.365123
0.16657
1.96686
1.99127
0.461623
1.61748
0.294931
0.405896
1.44847
1.75506
1.60082
1.77361
1.84985
0.0460219
1.55834
1.80731
0.897488
0.270638
1.90301
1.80566
1.57585
1.86834
1.98321
0.102176
1.3975
0.361034
0.444533
0.079165
0.20539
1.17515
1.9303
0.182867
0.833766
1.64977
0.470717
1.51622
0.886074
1.97565
1.72167
0.0561541
1.92798
0.209967
0.0354625
0.322031
1.96692
1.89898
1.64922
1.76116
1.07877
0.280343
1.42247
1.90435
1.69036
0.627949
0.758812
0.0673238
1.96966
0.0117191
0.256417
1.52263
0.382519
0.175298
1.83831
0.189764
0.114566
1.79827
0.413282
0.892178
1.79833
0.233955
1.68041
1.92914
0.521622
1.51653
1.71795
1.36222
0.0615864
0.186773
0.328318
1.58879
0.477859
1.96936
0.251228
1.68474
1.49059
0.97824
1.70812
0.399792
1.82794
1.66137
1.90716
0.953215
0.520585
1.47301
0.412183
0.1966
1.81378
1.51836
0.313913
1.74932
1.69189
1.8833
1.5869
1.79052
0.810877
0.41261
0.485122
0.0718406
1.57585
0.250374
0.384716
0.737999
1.83587
1.89734
0.301096
0.24543
1.57677
0.414502
0.48909
1.17203
0.450514
1.97931
1.60808
1.5819
1.92639
1.55248
0.208869
1.91424
1.85022
0.296884
0.452712
0.427625
1.02316
1.83636
1.927
0.459731
0.942778
0.431654
1.74499
0.400708
1.11655
1.68572
1.73504
1.24363
1.88336
1.80554
0.241829
1.93915
0.30665
0.263314
0.113956
1.85052
0.465041
0.75161
0.0254524
0.0615864
0.487442
0.44087
1.96393
0.436537
0.785424
1.83319
0.731834
1.74371
1.88427
0.0549333
1.97272
0.848415
1.55022
0.818384
1.86425
1.16666
0.687216
1.71105
1.71776
0.917142
1.87408
1.17441
0.111637
0.243294
0.0107425
0.268746
1.52684
1.89416
0.210334
1.74944
1.33164
1.00363
0.449293
0.202887
0.358043
0.44557
0.609027
0.382397
1.85888
0.454787
1.72576
1.52318
1.927
0.243782
1.60546
0.0519425
0.209662
0.555254
0.355174
0.415113
1.56566
1.51921
0.407727
0.389599
0.127689
1.23582
1.55748
0.0703146
1.53868
0.272774
1.65911
1.68371
1.76952
0.214362
0.760094
1.58745
1.62566
1.46593
0.255745
0.338023
1.62029
0.464492
0.468154
0.127079
1.47752
1.51677
1.75152
0.98471
1.09714
0.167425
0.0249641
0.0489517
0.30726
1.80065
1.71465
0.111942
0.165716
0.423414
1.99683
1.85675
0.722861
0.118351
1.48473
0.131291
0.262703
0.729759
0.447035
1.84454
1.52336
1.69353
1.57817
0.492996
0.31489
1.61046
1.86383
1.5006
0.242195
0.0880154
1.72887
1.70397
1.54698
1.62316
0.0587786
0.47206
0.910184
1.92138
0.0490738
1.5797
0.0966216
0.478286
1.52904
0.798486
1.89349
1.8919
1.65044
1.5623
1.8449
1.63866
0.026368
0.190191
0.0543229
1.06619
0.663106
0.655049
0.783959
1.96905
1.57549
1.57146
0.456801
0.198187
0.187994
1.53697
0.449049
0.758446
1.62432
0.124454
0.256661
0.186834
1.92712
0.151006
0.479019
0.0341197
0.232307
0.370434
1.65899
1.32762
1.96942
1.15268
1.56896
0.0559709
0.362743
0.0265511
1.57195
1.54118
1.83892
1.59929
1.77215
0.180731
0.452223
1.96118
0.0491348
1.6364
1.11802
1.5717
0.396252
0.764733
0.195196
1.50993
0.033021
0.371838
1.94678
0.375317
1.66045
1.99017
1.06009
1.95886
0.294198
0.0745262
1.74706
1.5446
0.267647
0.926298
1.70623
1.30815
0.0169073
1.39445
1.61644
0.320994
1.62493
0.330882
0.189276
1.95666
0.422132
1.95068
1.67156
0.0636006
1.31822
0.104556
0.422437
0.177252
1.55242
0.0173345
1.66515
1.63909
0.0614032
1.95685
0.379467
0.0715354
1.5844
1.16605
1.82049
0.0252083
1.55272
0.129154
1.75304
1.11185
0.820643
0.271187
1.67913
0.947661
0.618427
1.66314
0.131779
0.994537
0.43495
1.40672
0.388379
1.44237
1.5703
1.55156
1.89019
1.04178
0.742393
1.90356
0.0897244
0.393262
0.216987
1.48973
0.273385
0.0108036
1.77685
1.82934
0.250984
1.03977
1.84912
1.85217
1.68957
0.0678732
1.35868
0.412854
1.04868
1.64269
1.68316
1.96423
0.359203
1.6784
0.615436
1.85833
1.21891
0.440321
1.95373
1.55205
0.447401
0.0513321
1.59185
1.4207
0.0963164
1.88073
0.459792
1.80621
1.62688
0.332896
0.399854
1.55437
1.55547
1.68297
0.994659
0.134404
0.775842
1.93414
1.55382
1.54753
0.047792
0.0850856
1.8244
0.233711
0.0491958
0.0314951
0.748863
1.63298
0.294321
0.251167
0.88113
0.499344
1.70837
0.30427
0.330576
1.57286
0.194342
1.77886
0.549883
0.828883
1.65032
0.74807
1.66094
0.72866
1.44194
1.84429
1.7879
0.469008
1.90417
1.97449
1.7232
0.0432752
1.0087
0.120792
1.97955
1.58605
0.459548
0.447523
1.74297
1.14536
1.7669
1.43339
0.164556
0.27839
0.279916
1.0607
1.43107
1.78936
1.93707
1.92486
1.99463
0.187323
0.803308
1.95227
1.27738
0.771447
0.26545
1.77996
0.618915
1.56005
0.208625
1.88726
0.0579852
0.0124516
0.373241
1.97534
1.09726
1.37913
1.80187
1.50499
0.357921
1.67638
0.380016
1.53099
1.79205
0.590533
0.193304
1.97803
1.54082
1.69604
1.60277
1.57591
0.370434
0.30427
1.50957
1.69018
1.85717
0.904996
0.482192
0.466445
0.340587
0.577898
0.0820948
1.3704
0.353526
0.462661
0.164922
0.321787
1.6787
1.76446
1.19962
1.22306
0.569964
1.87024
0.456801
0.523148
0.135502
1.95441
0.0982086
1.07974
0.000366222
1.33055
1.94269
0.233467
1.93146
0.267403
1.62285
1.33763
0.426466
0.997223
0.931364
0.653523
0.324961
1.63652
0.887417
0.257088
0.250557
0.415357
0.425489
1.54985
1.67791
1.62249
0.326792
1.90374
1.30808
0.455153
0.205206
0.60213
1.40483
0.430006
0.408338
1.82702
0.0360729
0.0664693
0.112735
0.395276
1.34574
1.5313
0.0946684
1.37626
1.22642
1.81219
1.98364
1.01712
1.70879
0.235847
1.80193
0.206244
0.0191656
1.71239
1.92938
0.0294198
1.85015
0.894375
0.947783
0.171758
1.54387
0.0745872
0.103702
1.9917
0.0820338
1.72558
0.232124
0.241462
1.94372
1.58806
0.272713
1.63121
1.61187
1.95654
0.0447401
0.004944
1.51585
0.431959
0.800867
0.895535
1.70031
0.0766625
0.0525529
0.21424
0.117374
1.82977
1.57933
1.59301
1.35209
1.89868
1.91095
0.200629
0.431593
1.90783
1.58397
1.61351
1.84063
1.04697
0.423231
0.0211188
0.155583
0.809473
1.9317
1.76043
0.312449
0.241462
0.459792
0.960845
1.0878
0.408948
1.55065
1.71685
1.87542
1.67742
0.258187
1.72912
1.94653
1.82025
1.85125
1.86261
0.193731
1.91125
0.718345
1.42247
0.318186
1.82373
0.0946684
1.71148
0.324961
1.45512
1.53044
1.81829
1.15488
1.80767
0.639973
1.65044
0.922758
1.15818
1.37199
1.50609
0.763512
0.0139164
1.95453
1.8435
0.558794
1.41862
1.61663
1.51653
1.81756
0.0892361
0.294687
0.462172
0.062624
0.822718
1.1503
0.019776
1.98785
0.15363
0.276803
1.87469
0.0566424
1.75988
0.120426
0.132084
0.420972
0.276925
1.70446
0.476699
1.9704
0.426893
0.796899
1.88556
1.54991
1.80566
1.88293
1.40013
0.490616
1.63024
0.0241707
0.559404
0.646504
1.20463
0.0767846
1.85723
0.306345
1.81982
0.445997
1.93396
0.399976
1.18125
1.72015
0.173162
0.309214
1.76153
0.146367
1.8551
0.477493
1.7868
0.238716
1.85192
0.298227
0.217597
0.329112
1.85662
1.60674
0.311289
0.118839
1.09171
0.241585
0.301279
1.96863
1.99115
0.084109
0.445326
0.461257
0.779321
0.182562
1.52391
1.93866
1.80743
1.82598
0.0221564
0.487625
0.0721458
1.47551
1.95563
1.61028
1.53655
1.65172
0.315256
1.04105
1.90832
1.50658
1.06558
1.01791
0.0471816
1.90887
1.82623
1.51262
1.84765
0.253731
0.31019
1.78381
0.357921
1.5631
1.52074
1.25285
1.155
0.240791
1.73077
0.0860012
1.15195
0.231941
0.402722
0.266915
1.00198
1.60753
1.70281
1.40031
0.904935
1.68767
1.6895
0.425184
0.434156
1.99908
0.482742
0.652547
0.817286
1.7279
1.47136
0.834986
1.82226
0.114811
0.204291
0.0851466
1.17423
1.77245
0.334239
1.81396
0.479202
0.443556
1.23356
0.0589007
0.00421155
0.267342
0.34846
1.78802
1.85931
1.7777
0.227485
1.91845
1.72369
1.85437
0.0579241
0.690146
1.97601
0.450636
0.319895
1.75774
1.87689
1.71233
0.0623188
1.53966
1.87677
1.91235
1.73516
1.76568
0.263497
1.1456
0.193487
0.147832
0.435133
0.0963775
1.8258
0.309641
0.164312
1.85998
1.1594
0.014832
1.75951
0.281808
0.0974761
0.00628681
1.81378
1.58092
0.819666
1.68731
1.37431
1.06339
1.98358
0.205206
1.95318
0.0601215
1.81903
1.53929
0.675436
0.300424
0.0589007
0.372265
1.69604
1.85662
0.474136
1.8009
0.0747093
0.107791
0.383129
0.0106204
0.413038
1.66259
1.92303
1.93268
1.17655
1.52031
1.56127
0.894681
0.100223
0.64217
0.409742
1.85553
1.18857
0.415479
0.219489
0.198248
0.103214
1.84057
0.35139
1.77563
1.97192
1.59728
1.57396
1.70269
0.974944
1.57292
0.345592
1.99286
1.73486
1.83996
0.286142
0.268075
0.21485
0.442763
0.397107
1.58135
0.475784
0.313913
0.292306
0.0912503
1.87017
1.99652
0.00640889
1.35685
1.71227
0.389294
0.478957
0.0266732
1.80865
0.133793
0.326792
0.90524
1.50707
0.255196
1.90295
0.951201
0.130497
0.384777
0.406201
1.57982
1.71966
0.476272
1.86981
1.58147
0.745445
0.0879543
1.32377
0.301096
1.69079
1.25321
1.53594
0.320322
0.205451
0.354686
0.362133
0.0516373
1.94586
0.205634
0.350475
1.51201
0.283151
0.934965
1.86773
1.5844
1.53282
0.345592
1.76501
1.71923
0.949187
0.264229
1.1149
0.419019
0.200995
1.5529
1.77483
0.306345
0.25074
0.252754
1.60973
0.147832
1.22562
1.85894
0.176336
1.6892
1.66149
0.0366222
0.431654
1.46818
0.805322
1.97491
1.66448
1.98541
0.338328
0.232124
0.448561
0.558061
0.433607
1.87976
0.44264
0.160405
1.84161
0.626179
1.54967
1.41301
0.753014
1.00967
0.049501
0.143315
1.66832
1.77819
1.91729
1.76446
1.39366
1.7636
0.434828
0.338694
0.340464
0.302622
0.0860622
1.62535
1.61626
0.188116
0.139653
0.404859
0.0420545
1.65966
0.954375
0.335032
0.232124
1.77215
1.14475
1.52721
0.100894
1.90722
1.48668
1.73943
0.724631
1.76434
1.64946
1.86517
1.70977
1.2534
0.456801
1.93982
1.82971
0.269967
1.96338
0.445936
1.5855
0.00885037
1.49107
1.65856
0.374584
0.163457
0.329539
0.120914
1.54729
1.79858
1.24131
0.155828
0.919401
0.0661031
1.21793
0.00695822
1.64165
1.68725
1.81054
1.15305
0.338572
1.68371
0.108707
1.84552
0.0336924
1.82238
1.81329
0.861232
0.312326
0.211676
1.97278
0.199835
1.98187
1.39903
0.40083
0.220222
1.71593
0.704306
1.893
0.831568
1.10837
0.257698
0.390576
0.407788
0.312449
0.254341
1.14237
0.363536
1.98724
0.833827
1.97748
0.160527
0.325877
1.63622
1.63823
0.593097
1.9046
0.0474258
0.0239875
0.312143
0.370373
0.869167
0.231147
0.260994
1.70244
0.268197
1.05222
1.50102
1.54918
1.56017
1.39219
0.21015
0.05768
1.67437
0.0399792
1.61345
1.69427
0.0532243
0.0291757
0.188177
0.579058
0.0977813
0.310739
1.97742
0.394604
1.88537
1.71111
0.926847
0.0429701
1.66967
0.290963
0.752525
1.27561
0.364391
1.92157
1.65044
0.494461
0.311411
1.23331
0.644978
1.81964
0.0238655
0.250801
1.38542
1.68645
1.84307
1.58452
1.41142
1.68041
0.706687
1.93939
1.72845
1.59178
1.93982
0.229133
0.148503
1.74828
1.79131
0.198065
0.0233772
0.490555
0.40492
0.245613
0.932096
0.0858791
0.226691
0.148991
1.57189
0.705954
1.95166
1.90045
0.332957
1.92187
0.363353
1.20316
1.81988
1.71868
1.45988
1.44737
0.407239
1.85766
0.065981
1.64739
1.83349
0.507462
0.291818
0.355235
1.81634
0.101871
0.470779
1.80828
1.91815
0.556413
0.305673
0.039613
1.20231
0.222663
1.95642
0.357921
1.82464
1.67602
1.98761
1.7337
0.840052
1.54656
0.688375
0.36671
1.66747
0.0101321
1.96362
1.91113
0.0858791
1.38169
0.20423
1.78002
0.934416
1.7293
1.74078
0.28077
0.253853
1.63482
0.0239265
0.0879543
0.788659
0.0699484
0.114139
0.412915
1.62639
1.9942
1.60546
0.0289315
0.338878
1.89087
0.0793481
1.53386
1.72857
1.00497
0.916105
1.97528
1.69848
0.899503
0.4344
0.0966826
1.91058
1.94989
0.0902738
0.777551
0.196661
0.178777
1.70403
0.3932
1.80889
1.56999
1.56908
1.58
1.96338
0.270333
0.635151
1.93646
0.222541
1.6972
0.603168
1.51292
1.15604
1.89306
0.0822169
0.138737
0.294015
1.52348
1.82482
0.0316172
0.00915555
1.97674
0.535539
1.80895
1.4959
1.21567
1.78118
0.384228
0.975249
0.979705
0.299448
1.91449
0.0958892
1.84161
0.123295
1.22471
0.00787378
1.55419
1.96216
1.83166
1.58489
1.8388
1.55492
0.345775
1.79205
0.600848
1.61492
1.62481
1.90112
1.56597
1.85961
1.64495
0.320872
0.814905
0.626057
0.16242
0.20777
0.622456
1.3784
1.11075
0.220099
0.312021
0.325327
1.41508
1.80078
1.94794
1.99304
1.30741
0.229621
0.407788
0.327464
0.770898
1.73601
1.34129
0.527116
0.277657
0.537431
0.0231941
1.0759
0.358654
0.34199
1.61419
1.1539
1.97961
1.83721
1.80322
0.580035
1.9826
0.274789
1.72063
0.177923
0.211554
0.00109867
1.52635
0.376232
1.29807
1.52715
1.27134
1.99573
1.19523
0.920072
0.46968
1.62719
1.73437
1.00516
0.260628
0.0690939
0.182379
0.214972
1.51689
0.266243
1.83538
0.166753
1.90356
1.64678
0.248909
1.10489
0.432875
0.212348
0.211188
0.479385
1.0878
1.46178
1.8836
1.96661
1.69762
0.36671
0.239326
0.100894
0.598773
1.8468
0.769066
1.69597
0.398511
0.444838
1.97888
1.7871
0.995575
1.84906
1.66411
0.332591
1.76287
0.561785
1.95563
0.0416883
0.396924
0.0784936
0.654073
1.88702
0.703269
0.0885647
0.320261
0.397229
0.490799
1.63469
1.95819
0.318369
1.64147
1.62658
0.356639
0.181829
1.83386
0.213324
0.271187
0.0153813
1.65252
1.02396
0.227363
0.471206
1.92096
1.89624
1.1583
1.7738
1.91089
0.481826
0.245308
1.96496
1.83117
1.98468
0.245735
0.493057
1.58269
0.196661
1.62694
0.487869
0.229621
1.67486
0.0133671
0.987884
1.20615
0.484512
1.27842
0.135868
0.975555
1.1066
0.0753807
0.156926
1.81512
0.395947
0.492325
0.0533464
0.418287
1.80834
0.00756859
0.0245369
0.995087
1.63091
1.72808
0.0599384
1.92456
1.02402
0.7734
0.245979
0.40437
0.138432
1.99878
0.310434
1.60747
1.88775
0.689718
0.659505
1.55492
1.81487
0.627216
0.937284
1.4807
0.688742
0.144292
1.94983
1.89123
0.345286
0.36671
1.88495
1.52654
1.27061
0.25721
0.223457
0.986053
0.862575
1.93725
0.0837428
1.5244
0.251717
0.344676
0.494583
1.08432
1.71703
0.0735496
0.407422
0.00878933
0.0798364
0.251289
0.00103763
1.71624
1.53063
0.23542
1.92566
1.82806
1.65728
1.5302
0.425916
1.00949
0.430921
0.0375988
0.630573
1.88409
0.168157
1.60222
1.20273
0.12714
1.2985
0.320261
0.511734
0.276498
0.0739158
1.58123
1.84668
1.66778
0.451003
0.0100711
1.66704
0.561846
1.50029
0.275887
1.75915
1.5197
0.29255
1.49547
0.258919
1.59331
0.768212
1.42998
0.286325
0.215644
0.619037
1.66021
0.478591
1.12992
1.65947
0.351573
0.347301
0.305124
1.80981
0.409192
0.926359
0.0958892
1.79833
0.253243
0.155217
0.350352
1.9494
1.83489
0.485733
1.51164
1.60887
0.766991
1.84668
1.39164
1.79638
1.68566
1.43199
1.54088
0.293832
1.98895
1.6906
0.488479
0.39729
1.66436
1.70928
0.551225
0.044496
0.127445
1.9599
0.0334483
1.71306
1.75732
0.803308
0.644002
0.462844
0.123905
1.89795
0.530351
1.65728
1.37596
0.258919
1.97882
0.766869
1.8067
0.166387
1.70635
1.88513
0.222358
0.174139
0.214423
1.7362
0.596149
1.73156
0.233589
0.00885037
1.66918
1.8598
0.466079
1.68853
0.449232
0.001648
1.73901
0.346202
1.82629
1.83197
0.0892361
1.79913
1.58934
1.97662
1.91888
0.921842
1.88965
1.40062
0.979278
1.85546
0.519364
0.227058
1.72362
0.0250862
1.22752
0.45027
1.68236
0.0391858
1.7058
0.148686
1.29533
1.53221
0.210334
0.388134
0.896146
0.0374157
1.41166
1.48894
1.67101
1.60552
1.90411
1.72594
1.99591
0.268807
0.44734
0.648396
0.857814
0.353893
0.337718
1.6502
1.68603
1.93548
0.750389
0.25544
0.687399
0.716453
1.72826
0.877773
1.21421
1.20518
0.0360118
1.94684
1.59081
0.409925
0.903104
1.65673
0.40083
1.18583
1.51097
0.0729392
0.451918
0.0587786
0.204779
1.82305
1.92676
1.50261
0.0520035
1.51415
0.809473
1.93835
0.202399
0.293771
1.91034
1.9505
0.218879
1.77813
1.88995
1.70513
0.238044
0.0834986
1.61693
0.750023
1.92688
1.68566
1.58721
1.56975
0.167974
1.62975
0.709372
1.91742
1.02561
0.166204
0.219367
0.385632
1.55309
0.284738
0.159551
1.67144
1.708
1.93805
0.217841
0.365673
0.964751
0.700705
1.63683
0.547014
1.26627
1.71496
1.416
1.96393
0.00408948
0.62569
1.29759
1.34507
0.410535
1.43797
0.472365
1.41746
0.105777
1.73254
1.79907
0.498367
0.489029
0.559221
0.909879
1.59929
0.960112
1.77502
1.69146
1.87188
0.956206
1.82214
1.59209
0.443312
1.00925
1.4257
1.51976
0.138676
1.92523
0.270638
0.208686
1.55608
1.80352
1.91156
0.913236
0.106265
1.67296
0.272286
1.51482
1.99658
1.77593
1.81549
0.143803
1.76171
0.0285653
1.54326
0.239204
1.49553
0.458815
1.57073
1.42247
0.0331431
1.50511
0.383068
0.000366222
1.34696
0.335093
0.204047
1.99866
1.86364
0.088992
1.74456
1.26487
0.324229
0.348643
1.89044
1.89148
0.380383
1.67333
1.86444
0.464431
0.259896
1.10904
0.199652
0.419263
0.147893
0.746055
1.71117
1.91986
1.92395
0.54268
0.760887
0.419874
0.205512
1.79498
0.499954
0.420179
1.52696
1.28166
0.0640278
0.454176
0.538896
1.71783
1.73949
1.6173
0.452162
0.478957
0.160344
1.7196
0.128544
1.91357
0.417676
1.16739
0.115055
0.219733
1.92395
1.71838
0.308237
1.63311
0.0336314
0.41792
1.51012
0.385693
0.00726341
1.78875
0.98526
0.421888
1.9508
0.35963
0.252388
0.116031
1.72991
1.56151
1.60149
0.0595111
1.97949
1.66478
1.79345
0.421583
1.77068
1.53099
0.355724
1.70507
1.11423
0.0584124
0.641804
0.667379
0.277718
0.477187
1.10294
1.53154
1.67589
0.148686
0.364147
1.50761
0.0446791
0.0112308
0.804285
1.92212
0.235969
0.117252
0.217109
0.39082
1.65819
0.193609
0.402173
1.82354
1.8681
1.70672
0.328135
1.97229
1.80084
0.21015
0.242927
0.123844
0.0180059
1.68664
1.93622
1.8385
1.93713
0.231086
0.425245
1.94446
1.78961
0.253792
0.751976
1.88427
0.800134
1.28953
1.20206
1.58928
0.0551775
0.0888089
0.367382
0.0153203
1.09055
0.751366
1.65538
0.314463
1.18265
0.447768
1.65868
0.054445
0.0397961
1.34935
1.70122
0.094058
0.0176397
1.97217
1.69909
0.0888699
0.493973
0.281198
1.65935
1.80499
1.71435
0.235969
1.85199
1.85192
1.72515
0.250801
0.139225
1.92676
0.243843
1.62877
0.959807
0.469497
0.719565
0.222236
0.436293
0.26899
1.65612
0.420972
1.93036
1.75488
0.0484634
0.0344859
1.85968
1.84631
0.306345
1.5081
1.23551
1.17264
0.0370495
1.91363
0.710227
0.401929
0.490799
1.66259
1.63536
1.72454
0.362621
1.70745
0.473098
1.53215
0.175604
1.45122
1.95019
1.19797
1.95447
1.56182
1.76214
0.0201422
0.106449
1.72985
1.82464
0.462661
1.97052
1.76159
1.69793
1.94928
1.74932
1.57683
1.6129
1.35698
0.328867
0.213324
0.25898
0.102176
0.558306
0.259102
0.0706809
0.019715
0.389477
0.393872
0.099002
1.59728
0.552873
0.185125
0.26252
0.358592
0.0424207
0.0120243
0.269173
0.41493
1.27647
1.82037
1.77349
0.544267
1.70074
1.33506
1.64306
1.4351
1.33634
1.71355
1.72546
0.474441
0.214911
1.53356
0.267586
0.465896
0.673788
1.2692
1.37407
1.54961
1.91894
1.62291
1.80505
0.476089
1.74322
1.72619
0.0512101
1.1337
0.104068
1.99963
1.56499
1.502
0.42439
1.74798
1.97925
1.8189
0.0299081
1.76763
1.88806
1.22874
0.142094
1.58715
1.80645
0.211066
0.958342
0.313242
1.99274
0.407056
1.55058
1.30265
0.317209
1.57335
0.228156
0.310434
1.80834
1.99847
0.177129
0.455275
1.5667
0.018067
1.59606
0.343699
0.275399
0.25782
0.0932646
1.84381
0.285226
0.853847
0.162969
1.64708
1.68236
0.162236
1.90435
1.15189
0.449904
0.00854518
0.0216681
1.66643
1.189
0.161077
1.73876
1.83575
0.577532
0.237007
0.226203
0.290597
0.0996735
0.498123
0.839259
1.69597
1.11509
0.365734
0.233528
1.97778
0.490127
1.11008
1.73351
0.254952
0.00561541
1.90478
1.4196
1.91736
1.5233
0.595355
1.79235
0.164617
0.458205
0.189947
1.97119
1.76501
0.485733
1.66326
0.112125
1.9671
1.61565
0.605121
1.61437
0.392773
1.63982
1.74773
1.8482
0.309397
1.53453
0.140507
1.1597
1.37748
1.79162
1.82476
0.0889309
1.49864
0.257942
1.80023
1.8175
1.94446
1.33341
1.62316
0.389477
1.68169
1.89941
1.82116
1.64086
0.314219
0.159368
0.35847
0.786096
1.52153
0.601093
0.674093
0.19483
1.50078
1.59844
0.179693
1.7138
1.02713
1.51042
1.74212
1.9928
0.780969
0.013184
1.73418
1.70171
0.141057
0.133061
1.06754
0.508621
0.54622
1.59911
0.0424207
0.736473
0.475906
0.0502335
1.77837
1.96686
1.7163
1.52745
1.69994
0.0864284
0.119327
1.41295
0.284005
0.10773
0.162664
0.355724
0.652608
0.617817
1.16276
0.0628681
0.474929
1.2045
0.120548
1.99194
1.76586
0.715171
1.5305
0.0389416
1.68902
1.62218
0.33552
1.88183
0.431043
1.52898
0.247139
0.172124
1.84295
1.63256
1.87658
1.90521
1.96863
1.57781
0.219855
1.76305
1.56609
1.73559
1.74401
1.91913
1.02286
1.60051
0.322703
0.288034
0.359874
1.8421
0.657552
1.69402
0.0196539
1.47307
1.44176
0.408277
0.247871
0.225959
1.45915
0.368419
1.77294
0.844386
1.78491
1.66076
1.56346
1.58611
0.712912
0.42085
0.200079
0.0485244
0.674947
1.51793
1.55437
0.34138
0.102115
1.99249
0.686972
0.0509049
0.132206
1.83258
0.364818
1.4218
1.86285
1.6726
0.527787
0.0551775
0.231758
0.789514
0.442579
0.245064
1.82806
1.67479
0.121158
1.9057
1.63915
1.35087
0.11359
0.835231
0.581744
0.00952177
1.08133
1.0535
1.76189
1.05716
1.59313
1.73931
1.68224
1.78484
0.453932
1.84057
1.69964
1.95441
1.40342
1.99268
1.04038
1.65538
1.83905
0.099002
1.75658
0.0574969
0.938566
0.838893
1.72015
0.00872829
1.72472
1.89111
1.86578
0.805994
1.51738
1.52196
0.00390637
0.382641
0.0749535
1.95734
1.63854
1.7871
1.5172
0.40144
0.159673
1.96869
0.214484
0.0156255
1.75683
1.60222
0.203436
1.89978
1.49254
0.174932
0.172796
0.458632
0.0674459
0.0130619
1.50713
1.90521
1.97162
0.149052
0.285958
0.691549
1.64592
1.60479
0.118656
0.207648
1.74871
0.381115
1.81335
1.65984
1.70208
1.6184
1.56743
1.9115
0.155095
1.5211
0.0384533
1.68139
0.135197
0.333506
1.75018
0.0272835
0.295969
0.278329
1.84332
0.502457
0.0866115
0.421216
1.83789
0.0899686
0.110782
0.0990631
1.72448
1.87317
1.95172
1.7116
0.192755
1.28062
0.913724
0.46382
1.68596
1.45671
0.752709
1.95837
1.61602
0.344615
0.254158
1.7871
1.21653
1.66131
0.439772
0.0201422
1.94702
0.154668
0.0555437
0.195013
1.66088
0.873867
1.94147
1.98297
1.97125
0.35609
1.6151
1.648
0.301096
0.242134
1.94195
0.287606
1.62102
0.372326
0.551347
1.82763
1.90399
0.245857
1.50511
0.0766625
1.53001
1.22898
1.64568
1.79144
1.93713
0.260262
1.51164
0.163274
0.1742
0.465102
0.48207
0.203253
0.164434
1.97382
0.1601
1.68877
0.461135
0.343638
1.86993
1.73357
0.129643
0.590655
1.40739
0.181951
1.72649
1.58165
1.06552
0.387036
0.0748924
1.17161
0.0722678
1.48955
0.499588
0.105167
0.101993
1.96606
0.416639
0.330638
0.111698
0.329356
1.80706
1.37205
1.37223
0.118046
0.0332041
1.75683
1.64501
1.86254
1.01242
0.175542
0.657674
1.66997
0.440077
0.720176
1.9635
1.32206
1.61113
0.297128
0.479385
0.355174
1.50914
1.26127
1.64544
1.98413
0.273568
1.96381
0.169683
0.00787378
1.76824
0.208502
0.476394
1.9989
0.171575
1.95502
0.0731223
0.268624
0.0167852
1.687
0.499832
1.0126
1.77386
0.788293
1.05979
1.70721
0.108463
1.87097
1.87756
0.339244
0.0300913
0.293527
1.92346
0.0370495
0.129704
1.88092
0.101505
0.704428
0.425001
0.151555
0.354076
1.95361
1.87652
1.98071
0.843715
0.744835
0.0586566
1.96234
1.65917
1.76299
1.86456
0.339976
0.636799
1.82031
0.492203
0.220832
0.678671
1.89477
1.67614
0.300363
0.834925
1.92413
1.58422
1.24815
0.085757
1.11222
0.280587
1.96258
0.0235603
0.0474868
1.95691
1.57799
1.32969
1.76739
0.760643
1.59984
1.97888
0.36549
0.476394
1.8153
1.97052
0.40614
0.936064
0.565386
1.76605
0.336436
0.846522
0.82284
0.99588
1.8034
0.212348
0.635151
1.54729
1.96216
0.739525
0.412671
0.0218513
0.627338
1.65581
0.326243
1.94263
1.70586
1.49736
0.934355
0.216315
0.898953
1.96716
0.40907
0.288705
1.61077
1.77349
1.79949
0.795068
1.58971
0.947722
1.03836
1.83264
1.6328
0.3249
1.81298
1.65361
1.3889
1.67418
0.473708
1.79077
1.56267
0.148808
1.59093
0.0211188
1.95495
0.130985
1.47313
0.282418
0.36549
0.344554
1.59197
1.95465
1.53954
1.49022
1.58031
0.482009
1.69219
0.0277108
1.49828
0.204779
1.56108
0.2519
1.51335
1.8742
1.56346
0.493606
1.86279
0.735679
0.276131
1.83703
0.00628681
0.287301
0.610736
0.458205
0.615558
1.71868
0.0545061
1.78887
0.285043
1.67699
1.1912
0.291879
1.30839
1.9798
1.51976
0.20954
0.364208
1.56725
0.352123
0.459426
1.49651
0.43025
0.0855739
1.90997
1.64354
1.86688
1.55211
1.50957
1.0745
1.60906
0.292978
1.6198
0.352489
0.23365
1.75591
0.0356456
1.80731
1.53923
0.018189
0.024659
0.28016
0.355419
1.74816
1.55638
0.667196
0.152532
1.0781
1.08487
1.71239
1.75103
0.290719
1.72857
0.485733
1.7528
0.00640889
0.0269784
0.496109
0.681906
1.58007
0.365184
1.8872
1.64525
0.127995
0.0327769
1.69439
0.491348
0.665548
1.948
0.387585
0.0366832
0.0881985
1.67809
0.331004
1.89044
1.1171
1.54118
1.91375
0.0530412
0.232185
0.143193
1.90173
0.382092
0.846156
1.7467
0.574297
0.158147
1.22977
1.50237
0.087466
1.98071
1.79162
1.91339
0.213446
0.300119
1.72198
0.584918
0.248421
0.392102
0.0991241
1.62352
0.340709
0.177618
1.40471
1.22752
1.66338
1.83703
0.425489
1.54143
1.35057
1.17673
0.461379
0.269295
0.168035
1.61522
0.663106
0.182867
1.64476
1.16123
1.78784
1.63341
0.101138
1.5045
0.237007
1.97601
1.73168
1.76183
0.328379
1.36467
0.368053
1.21702
0.350352
0.0899075
1.72417
1.3405
1.97559
1.7116
0.557878
1.58245
0.0239265
0.401502
1.59972
0.281075
1.62999
0.184393
1.81951
0.019776
1.87164
1.94244
0.380688
0.619404
1.80364
0.348033
1.54271
1.10984
0.0285653
0.165593
0.215583
0.479629
0.052797
0.0883206
0.391552
0.225043
1.78063
0.225349
0.366649
0.26661
0.656392
0.103275
0.0244758
1.51469
1.97717
0.0605487
1.67107
1.72857
1.95453
0.295358
0.356944
1.89142
1.51665
1.54503
0.638142
1.10221
0.297433
0.340892
1.79333
0.0310678
1.93799
1.71892
1.83953
0.152532
0.268258
1.54192
1.95898
1.2208
0.39021
0.683065
0.43086
0.654378
0.228278
1.84539
0.188543
1.64348
0.497879
1.96667
1.57427
1.11979
1.88739
1.55541
0.00817896
1.80645
0.645039
1.62133
1.61461
0.35847
1.79858
1.58403
0.0457167
1.94208
0.407178
0.306711
0.858547
1.6408
1.966
0.288827
1.95416
0.531022
0.544572
1.73394
1.86053
0.0538957
1.85833
1.51109
1.60356
0.0737327
1.93475
0.508744
1.69951
0.438917
1.94623
0.145512
0.706931
0.279
0.403394
1.91321
1.97296
1.89288
1.58696
0.355358
1.07071
0.616779
1.61596
0.514847
0.287423
1.85601
1.71136
1.54424
1.13327
0.124516
1.89831
1.98401
1.79687
0.229438
0.106388
0.197516
1.97205
0.00482192
0.156072
1.82073
1.94317
0.445997
0.555254
1.95434
1.84918
1.69475
0.266549
1.85778
0.73281
0.381359
1.7152
0.494339
0.445265
0.458388
1.77367
0.301096
0.482498
0.0637226
1.56145
0.280099
0.359569
0.161992
0.287179
1.86944
0.000488296
0.302072
0.02472
1.88324
1.6657
1.85278
1.87756
0.0971709
1.58654
0.432936
0.540422
0.516495
1.68566
1.86908
0.116825
0.484573
0.586261
1.83453
1.58391
1.77911
1.69353
1.61913
0.0846583
1.51445
1.82421
0.192816
1.28861
1.41966
0.707175
1.93774
1.69817
0.411817
0.371349
1.50414
1.54595
0.146062
1.97711
0.0458998
0.513993
1.2147
0.352367
1.57518
0.0239875
1.97266
0.917508
0.128788
1.74645
1.91308
0.359569
0.245552
0.16071
0.289682
0.27308
1.846
0.563494
0.489822
1.5501
0.622883
0.0324107
1.56035
1.54338
1.99274
0.268075
1.89392
1.23911
0.0603656
0.357311
1.46635
1.97552
1.69909
1.07645
1.81237
1.85565
1.01163
0.40614
1.0983
1.63988
1.59673
1.87567
1.3112
0.993316
0.767724
1.24155
0.0168462
1.63402
0.288461
0.249458
0.180425
0.0756859
0.937712
1.66527
1.99182
0.270211
0.480972
1.44267
0.0212409
0.386364
1.76519
0.484756
1.04953
0.52736
1.7951
1.72008
1.51952
0.0859401
1.87011
1.73699
0.231819
0.643941
1.74841
1.61364
0.546159
0.245308
1.57323
0.117985
1.31724
0.381298
1.58788
0.197699
0.232978
1.01248
0.0357677
1.97882
0.0448622
1.63799
1.06449
1.16251
1.68004
0.822962
1.30576
0.0703757
1.76415
0.367138
0.523637
0.155889
1.84191
1.87329
1.21165
0.158269
1.5692
1.07804
1.58629
0.206
1.82495
0.806177
1.69097
0.953276
0.00854518
0.454421
0.179144
1.86981
1.88366
1.93054
0.139348
0.0979644
0.165105
1.61626
1.50749
0.283761
0.676534
0.649739
1.3856
1.54814
0.875881
1.14371
1.07828
1.9444
0.115604
1.89569
1.72796
1.50481
1.86291
1.55956
0.894559
1.80157
1.33677
1.67223
0.834559
1.87213
1.99939
0.021424
0.297739
0.208686
1.81585
1.58531
0.113285
0.0870388
0.173956
0.262276
0.375195
1.70293
0.459304
0.0696432
0.0130619
0.0569475
1.91992
0.386731
1.60118
0.0620746
1.71429
1.65874
0.342906
0.793786
0.442091
0.7875
1.71734
1.99451
0.944609
1.68175
0.0343638
0.0891751
1.23722
0.00256355
1.63909
1.50108
0.0881375
0.341868
0.312143
1.19523
0.629353
1.33
1.50359
1.69524
0.129521
1.5949
1.71227
1.56938
0.304331
0.462844
0.206854
0.171575
0.128544
0.383923
1.96051
1.75079
0.0406507
1.68828
1.21635
1.43205
1.3328
0.400281
0.313852
0.0183111
0.234748
1.18906
1.87555
1.69396
1.98206
0.351878
1.9657
1.65538
1.86187
1.71947
1.11704
0.0382702
1.84033
0.0332041
1.86145
0.887417
1.78137
1.94604
1.98926
0.424635
0.367077
1.59117
0.725242
1.22868
0.393506
1.27036
1.55016
1.68877
1.96393
1.98163
1.86102
1.6104
0.369823
0.435987
1.82031
0.739708
1.9212
1.21079
1.2927
0.406934
1.51097
0.418104
1.52611
0.276742
1.89862
1.28581
1.31693
0.365062
0.374462
1.92895
1.88916
0.241829
0.62392
0.0290536
0.333628
1.20414
1.35887
0.237861
1.78722
0.265877
1.62261
0.433363
0.316965
0.820521
0.126286
0.17127
0.476638
0.404981
1.81103
1.64739
0.0147099
0.239631
1.36271
1.32688
1.36869
1.97235
0.248848
0.437635
0.348399
1.67736
1.81793
0.498428
0.896207
1.53685
0.259529
0.103946
0.410169
1.80218
0.325266
1.71996
0.365184
0.236457
0.330821
0.186895
0.470412
1.64153
0.786401
1.02005
0.526688
0.106326
0.310801
1.54369
0.0344859
1.61119
1.64586
1.52318
0.430128
0.294931
1.72228
1.1113
1.72863
1.36814
0.227485
1.98126
0.0371105
0.342357
1.72228
1.55931
0.394238
0.475112
0.96353
1.38456
1.2089
1.62243
1.96265
0.10535
0.159734
0.560198
0.951689
1.8623
1.3264
1.72259
0.0877712
1.92108
1.50365
0.969817
0.462416
0.171941
0.452651
0.41438
1.71899
0.107547
1.16324
1.60125
0.205817
1.64824
0.271798
1.64397
0.0993683
0.436048
1.13712
0.196783
1.27256
1.60808
1.59728
1.51317
1.06125
0.300485
0.498062
1.68035
1.72008
0.206244
0.486831
0.979339
1.96258
0.18543
1.80023
0.48439
0.358287
1.52086
0.323069
1.57573
1.93042
1.95337
1.55406
1.7315
0.309702
1.69512
1.95941
1.97729
0.179144
1.96954
0.252876
0.064333
1.79223
1.77844
1.91534
0.142521
0.31904
0.340342
0.0979034
0.264962
0.816492
1.67565
1.5681
1.33488
1.76189
1.50426
1.63231
0.158391
1.00394
0.54091
1.5703
0.018067
0.423109
0.113529
1.72002
1.09799
1.01798
1.74065
1.61187
1.41771
0.109134
1.98248
1.64892
1.57451
0.228095
0.810755
1.45824
1.82934
0.642781
1.59447
1.66796
1.38444
1.6184
0.394299
1.82354
0.425306
1.03488
1.78442
1.64031
0.354808
1.42686
0.244087
1.57299
1.89801
0.178716
0.293588
1.74841
0.314951
0.00933866
0.353954
0.48085
1.75146
1.69463
1.92364
0.122623
0.446791
1.75799
1.51677
1.06803
1.7282
0.444105
1.83581
1.27836
0.46675
1.70837
1.83789
1.95202
0.0832545
1.64098
0.0652486
0.867092
1.93017
0.933561
1.44261
0.368236
0.410413
1.97766
1.94568
1.74328
1.90429
1.17197
1.58361
1.53496
0.235359
0.300119
0.907254
0.677328
1.83905
1.66655
1.56798
0.364879
0.270089
0.251534
1.5197
1.0698
0.165593
1.55846
0.903531
1.653
0.351085
1.68804
0.497085
0.369762
1.58116
0.440565
1.16227
1.34739
0.32429
1.83038
0.034669
1.76098
0.630207
1.61589
1.42625
0.463576
1.87701
1.83367
1.66753
1.22025
0.133488
1.90045
1.64794
1.89404
1.9682
1.52293
0.789209
0.445875
1.70098
1.72253
1.80108
1.65471
0.130375
0.312143
0.21717
0.259835
1.65307
1.91571
1.07089
0.0926542
0.411328
0.488479
1.97809
1.76812
0.369945
1.56481
0.484451
1.73125
0.97293
1.93695
0.0985748
0.204413
1.59935
1.89007
1.75109
0.318613
0.144597
0.203986
1.84381
0.548051
0.0317392
0.0716575
1.62261
1.90039
1.61974
0.12244
0.316721
1.08335
0.168096
0.0331431
0.299387
1.65789
1.5501
0.235786
0.298898
0.489273
0.597919
1.57286
1.16959
0.730857
1.56401
0.0996735
0.202399
0.141118
0.104862
0.283456
0.155644
0.79104
1.28336
1.8554
0.128544
1.37529
1.66674
1.71831
1.42717
1.88867
0.0265511
0.224555
0.278207
1.61907
0.234321
0.363781
0.375134
1.75597
0.670675
0.0805078
0.461074
1.71123
1.06986
1.6353
0.224921
0.246101
0.43202
0.451369
0.0870998
1.61882
0.687582
1.89776
0.38667
0.427808
1.3206
0.0731223
0.696738
0.742821
1.70891
1.37376
0.326426
0.0623798
0.166631
1.90002
1.88501
1.87603
1.98553
1.96777
1.22282
0.462722
1.80725
1.45885
1.22263
1.82842
0.336619
1.26646
0.395886
1.24125
0.113956
1.26463
0.512955
1.50987
0.495254
1.57494
0.192511
1.47722
0.428846
0.164006
0.288217
1.76263
0.345958
0.336741
0.39729
0.26307
1.21274
1.65496
1.67406
1.94031
0.435499
0.396252
1.5222
0.991485
1.50249
1.46733
0.333323
1.76666
1.68328
1.7683
1.77978
1.00504
1.78832
0.0582904
1.55235
1.68804
1.82122
0.910062
1.82293
0.904141
0.0896634
0.232124
0.725303
1.37187
1.97674
1.97162
0.175542
1.8656
0.17365
0.0420545
1.55498
1.84118
0.0294809
1.86108
0.485183
1.59282
1.60735
0.268319
0.559832
0.867824
0.213019
0.206
1.65905
1.50639
0.0715354
0.428053
0.860805
1.00333
1.37138
1.70159
0.384411
0.638874
1.85064
1.52098
0.0896634
1.18979
1.99548
1.92877
1.86114
0.103946
0.301706
0.00244148
1.34342
0.372265
1.71148
0.329417
1.54711
1.5562
0.011536
1.19864
0.262459
0.147832
1.07566
1.98975
1.66881
1.95276
0.317881
0.109745
0.448317
0.37611
0.44496
0.395947
1.89233
0.0190435
0.208563
1.58
0.139225
0.489151
1.974
1.85418
0.256172
0.930876
1.66131
0.460952
0.918851
1.94635
1.49785
0.184942
0.124027
1.86975
0.298166
0.220466
0.398816
0.784631
0.198431
1.73492
1.97461
1.90533
1.77923
0.843043
1.76519
1.69341
1.68596
0.467116
0.33552
1.79418
1.51811
1.80779
1.77508
1.82287
1.85925
1.66436
0.16187
0.157659
1.79778
1.85937
1.00443
0.175237
1.60814
1.72228
1.69481
0.271371
0.0482803
0.488784
0.100406
1.43638
0.551958
1.76257
1.10935
1.06363
1.2581
0.397778
1.91711
1.98431
0.762719
0.121342
0.375805
0.435682
0.312387
1.56078
0.268563
0.0381481
1.84576
0.282846
0.153996
0.155095
0.145817
1.74615
1.96405
0.242195
1.601
1.61571
0.179083
0.983734
1.80322
0.465529
1.54393
0.493301
0.271493
0.167119
1.07913
1.96161
0.354564
1.52916
0.315683
0.016541
0.771996
1.09531
1.26456
1.97632
1.74133
1.83929
0.423597
0.0202033
0.304636
1.84368
1.66649
0.297372
0.294626
1.74383
1.71221
1.71923
0.317087
0.173284
0.133366
1.85052
0.256172
1.95257
1.16501
1.85137
0.230964
1.56829
1.56719
0.154424
0.452162
0.342967
1.37498
0.114811
0.101749
0.417676
0.0954009
0.726341
1.88238
1.98907
0.0797143
0.182257
1.57042
0.403699
1.15586
1.71722
1.71715
0.441603
0.872524
0.0282601
1.93793
0.207587
1.85473
1.71783
1.90936
0.932035
0.681112
1.77123
0.0373547
0.29194
1.11606
1.33177
0.355052
0.779138
0.062624
0.110599
0.255135
1.63219
1.90234
0.0616474
1.70684
0.112369
0.44789
0.236824
0.389904
0.273995
0.154668
0.0549333
0.637654
1.68407
1.53526
0.259346
1.61681
1.79315
1.77471
0.353893
0.0423597
1.32188
1.69457
0.356273
0.315622
0.297128
1.98651
1.55223
0.56917
0.0211188
0.193915
1.51592
1.31956
1.02969
0.430189
0.13068
1.65081
1.80914
0.674154
0.892361
0.236946
0.672384
0.157292
0.105228
0.2519
1.78912
0.98648
0.229682
1.89221
0.424451
0.321665
0.145451
0.402478
0.246467
0.0557878
0.4073
0.347301
0.270821
0.716025
0.607013
1.68029
1.96753
1.38841
0.264046
0.301584
0.364391
1.84826
0.670003
0.38142
0.0354015
1.90704
0.163762
0.0388806
0.676229
0.454115
1.73333
1.67986
1.97638
0.168584
0.114994
0.707175
0.0103153
1.76226
1.92737
1.93292
0.427442
0.273202
1.81017
1.94897
1.54668
1.92956
1.79052
0.188726
1.84692
0.47615
0.126957
1.70373
0.0601215
0.32783
1.7954
0.439711
1.99683
0.0542009
0.394482
0.346873
0.213996
0.280831
1.65831
1.77013
0.0951567
1.07169
0.278268
1.69066
0.478042
0.164251
1.96625
0.249153
1.51769
0.254891
1.89831
1.87738
0.686666
0.403882
0.138554
0.429029
0.220588
1.92761
1.74389
1.88763
0.206122
1.76128
1.58312
0.929044
0.470046
0.226386
0.371044
1.70837
1.15329
0.0398572
0.553179
0.199713
1.49413
1.68023
1.09891
1.78936
1.72094
1.91546
1.2219
0.909024
1.96564
0.444777
0.25428
1.74938
0.737449
0.899319
1.92114
1.9953
1.85736
0.924528
0.0156255
0.0777612
1.6607
1.76806
0.284127
0.649068
0.185186
0.16242
0.119999
0.420362
1.80285
1.20811
0.18891
0.872158
0.311594
0.217048
1.76104
0.402051
1.99835
1.21671
1.57756
1.79717
1.61913
0.117924
1.73852
0.380932
0.24543
1.98273
1.39811
0.940397
0.967864
0.00946074
1.82281
1.69256
0.885098
0.310312
1.36967
0.25721
1.3123
1.68322
1.92828
0.118656
0.608112
0.414197
0.154546
0.367748
0.414014
1.70446
0.406995
0.778893
1.9671
1.46104
0.108646
1.8327
0.225593
1.04031
0.476821
1.75835
1.72674
0.148747
0.037965
0.0200812
1.90374
0.439283
0.43263
1.3405
1.65123
1.93432
0.180303
0.15418
0.272164
1.56847
1.54064
0.0836207
0.460219
0.418165
1.63561
0.154363
1.85498
1.29875
0.0856349
0.150639
1.24491
0.189032
1.56108
0.269051
0.834681
1.23203
0.185858
1.70952
0.0779443
0.218757
0.342723
0.0922269
1.89465
1.79156
0.416944
0.317942
0.479019
0.806238
0.379711
0.565691
0.201483
0.277902
0.588458
0.0732444
1.32041
0.116581
1.96808
0.443739
1.64074
0.380261
0.277169
0.370739
0.0454115
0.793298
1.74627
1.60454
1.67528
0.0736106
1.80297
1.26707
0.959868
1.56316
1.84112
0.835292
1.88049
1.14017
1.94098
1.81536
0.151372
0.0522477
1.62987
0.295724
0.20716
1.08847
1.8507
1.73003
1.67071
0.415845
0.350352
1.58647
0.0571917
0.781274
0.792138
0.232185
1.335
1.66356
0.254463
0.310495
1.94226
1.83142
1.78106
1.85687
1.53374
1.635
0.491775
1.36229
0.560747
1.07468
0.782861
0.440565
0.421461
1.61638
0.864772
0.499161
1.26487
1.75262
1.70385
0.296152
0.130192
0.470717
1.76989
0.0202033
0.0400403
1.59392
0.127995
1.93255
0.130314
0.469069
0.263619
1.66625
1.30107
0.615864
0.334605
1.57604
1.11155
0.01648
0.470168
0.185553
1.97821
0.276254
1.13053
1.63909
1.21384
1.84503
0.415174
0.136113
1.27317
1.92364
0.62392
1.95233
0.0268563
1.76806
0.531632
1.53722
0.38197
1.55113
0.986114
0.287484
0.273202
1.57952
0.585528
0.215766
1.43712
0.405713
0.269723
1.52501
1.82684
1.82128
0.196722
0.320627
1.69927
1.61925
1.54637
1.81915
1.04386
0.123539
1.73345
1.93139
1.75542
0.451003
1.1539
0.434706
1.16184
1.62774
0.421216
0.00555437
1.60356
0.196234
1.79852
0.341685
0.214789
1.87353
1.74242
0.347179
0.0151982
1.54765
0.367443
0.166143
0.0318003
0.117557
1.59288
1.596
0.0853298
0.0946074
0.33198
0.31666
1.68639
1.51811
1.27006
1.97699
0.644612
0.0678121
1.58165
1.33824
0.44026
0.237861
0.591021
1.85748
0.338328
0.904386
1.54118
1.69475
1.72857
1.56279
1.61223
1.42259
1.51854
1.83624
0.81991
0.146489
0.0357677
1.45842
0.142582
0.767846
0.455763
0.771935
1.07175
0.391491
0.0931425
1.85949
0.169195
1.84051
0.630146
0.224616
0.184088
0.185064
0.036256
0.134281
0.239814
0.192755
0.0248421
1.85473
1.7384
1.59691
1.94696
1.16318
1.24772
0.459975
1.2631
1.97162
1.51769
1.87939
1.92212
0.0896023
1.56944
1.5493
0.296884
1.8164
0.039552
1.93493
0.363964
0.384777
1.28397
1.23576
1.96417
1.49828
1.56578
1.53819
1.71215
0.96353
1.88928
0.109928
0.386486
0.00787378
1.64196
1.38487
1.58013
1.98712
0.259163
1.23026
0.0200201
1.74633
0.322336
0.151311
0.0171514
1.8645
1.71429
0.914701
0.544084
1.29875
0.87698
1.95172
1.5612
0.394055
0.336314
1.76629
1.19498
0.434706
1.44462
1.20518
0.378674
1.68456
0.062624
1.39134
0.25367
0.368175
0.422254
1.92987
0.382092
0.384655
1.58831
0.418836
0.386853
0.281503
0.142644
0.133732
1.67034
1.68804
0.398694
1.82879
0.748192
1.67974
1.87878
0.0585955
0.779687
1.59941
1.67949
0.259285
0.062685
0.221015
0.973785
1.88086
0.159124
1.62096
1.43291
1.99048
0.424024
1.54198
0.151067
1.91498
0.249886
0.00122074
1.62041
0.0563372
1.85113
0.936552
1.71099
0.558306
1.24711
0.484573
0.25782
1.54265
0.0860622
1.88415
1.93768
0.337901
0.263619
0.729148
1.65459
0.333018
0.150151
0.0450453
1.9223
0.370128
0.199225
1.9433
1.09378
1.76489
1.68981
1.33427
0.647359
1.98199
1.51518
0.220588
0.0816675
0.465163
0.592303
1.85882
1.9527
1.61821
1.58379
1.21104
1.69366
0.96469
1.69262
1.3513
1.99786
1.67858
1.89196
1.60692
1.74493
1.55773
0.0285653
1.96869
1.09873
0.0235603
0.155217
0.099002
0.252449
1.89373
1.58562
0.222114
0.429029
1.63695
1.27921
0.0524308
0.446364
0.211066
0.253182
0.0468154
0.890164
0.449171
1.18186
1.15464
0.382763
1.51659
1.84515
1.52202
1.5081
1.88342
0.292184
0.0266732
1.9248
1.69726
0.156011
0.690512
1.6986
1.02676
1.57219
0.406018
0.322214
1.02243
0.524735
1.99652
1.94629
1.83081
0.42616
1.17093
1.59038
1.43614
0.395032
0.251839
1.9704
0.00146489
1.05673
1.70818
1.94287
0.396008
1.66362
1.56413
1.88952
0.755028
0.976165
0.180425
1.30107
0.0875271
0.105228
0.397839
0.179937
1.79919
0.990936
1.9527
0.704184
0.125065
0.931608
1.41606
0.436232
0.0401013
0.560747
0.243904
0.605731
0.452345
0.0477309
0.169317
1.91882
0.267586
0.0846583
1.86901
0.151616
1.53984
0.0381481
0.851772
0.399976
1.28373
1.58672
1.6848
0.125553
1.97314
0.480911
0.258614
1.72991
1.6281
1.35447
1.21024
1.63274
0.38905
1.90143
1.56615
0.444655
1.59191
1.70995
0.384777
1.71093
1.5482
0.212043
0.83224
1.50493
1.8938
1.6823
0.935514
0.321482
0.918851
1.88293
1.13907
0.264718
0.190374
0.403272
0.233039
0.977325
1.94995
0.274728
1.79937
1.31767
1.84143
0.450575
0.469008
1.81365
0.186956
1.19993
0.321665
0.441603
1.49602
1.19529
1.99622
1.73724
1.95123
1.51927
0.131413
1.68798
0.52205
1.26164
0.163213
1.06333
0.677145
1.82031
0.578326
1.6975
0.0216681
1.07804
0.496536
0.441969
0.34547
0.0559099
1.00479
0.927641
1.58831
1.87323
1.83148
1.79229
1.27494
1.51219
0.79104
1.03677
1.12522
0.494278
1.76757
1.60637
0.269539
1.81231
1.65148
1.89715
0.258309
0.797266
0.435987
1.89557
1.22739
1.5797
1.99017
1.49205
0.602741
1.79882
1.71838
0.126835
0.945341
0.307443
0.254036
0.500809
1.56475
0.928068
0.146428
1.62358
1.75335
0.243904
0.181646
0.189642
1.9762
1.55974
1.84539
0.506546
0.886685
0.807886
0.985931
1.53429
0.465712
0.138859
0.180486
1.8131
1.55797
0.267891
1.56066
1.98846
1.81805
0.227424
0.296518
1.94861
1.87909
0.23365
1.83258
1.84149
0.298654
1.72027
1.50395
0.264351
0.224433
0.15186
0.205267
0.266854
1.8695
1.87963
0.231697
1.53392
0.370617
0.56972
1.89959
1.73937
0.448317
0.15717
0.463759
0.354808
0.20484
1.76806
0.200934
1.3361
0.0855739
1.98791
0.0889309
0.433424
1.90197
1.73797
0.370373
1.39061
1.69121
0.469802
0.211798
1.90069
1.05734
0.309946
0.20661
0.23249
1.54784
0.119083
0.474197
0.444288
1.79821
1.50963
0.859462
0.368358
1.9237
0.17304
1.79046
0.0415662
1.79083
1.41752
0.197699
1.07993
1.6773
0.198065
0.223823
1.85345
0.186224
1.54802
0.419385
0.352367
0.851527
1.55528
0.0689108
0.902127
1.88311
0.335948
0.362621
1.03525
0.247871
0.0975982
0.266549
1.39518
0.229682
0.451918
0.414991
1.91632
1.52879
0.784814
1.61522
0.351756
0.323496
1.94043
0.344676
1.56957
0.223762
1.84973
0.63155
1.71923
1.09116
0.857692
0.0496841
1.9859
0.696677
1.80853
1.83911
1.63451
0.825953
1.2711
0.461257
0.247749
0.410352
0.361278
1.84558
0.386303
1.86047
0.197943
1.88549
1.91931
0.321787
1.98859
1.86529
0.928251
1.73577
1.56969
0.385205
1.78014
1.92779
1.51506
1.34977
0.848292
0.160222
1.75835
0.218146
1.682
0.0991241
1.67412
1.81079
0.303476
0.0061037
1.65722
1.6856
0.208136
0.106998
1.74175
1.95746
0.098941
0.110599
0.199957
0.133
1.53514
0.112308
0.159062
0.128727
1.88067
0.0250862
1.61998
0.205695
0.492874
0.429151
1.11155
1.84887
1.88787
1.8609
0.694784
0.105533
0.0762352
0.274789
1.54057
0.198187
1.64599
1.98254
0.136967
0.641926
0.798791
1.28739
0.265084
1.82543
0.16303
0.967254
1.81487
0.0334483
0.228217
0.254097
0.324717
0.780297
0.796533
0.38667
1.74804
0.0911893
0.189337
0.445448
0.0531022
0.407666
0.046144
0.111454
0.168462
0.316416
0.0927152
1.61846
1.93255
1.68126
1.58904
0.385327
1.78033
1.69408
1.78552
1.57817
0.160344
0.370861
0.388684
0.528397
1.58397
1.66021
1.26084
0.225898
0.163335
1.06742
0.491836
1.73174
1.24491
1.82018
0.273995
1.82427
0.0512711
0.306284
1.79516
1.34739
0.23365
1.98175
1.50664
0.409131
1.69073
0.358654
0.363109
0.961089
0.408277
1.62682
1.79894
1.41093
0.0853298
0.0656148
0.810999
1.36497
0.600116
1.52873
1.54515
1.60631
0.386914
1.70446
1.18357
0.420179
1.99524
0.379406
0.0205695
0.177252
0.265328
1.481
1.95941
1.63878
0.969817
1.56346
0.413038
0.271126
1.65191
1.69066
0.284677
0.124454
0.685751
1.71935
1.70928
1.47404
1.02976
1.23679
1.87249
1.50566
0.451064
1.56743
0.0538347
0.23365
0.45674
0.366588
0.462539
1.5974
1.16422
1.67248
1.9447
0.0316172
0.355419
1.88183
1.90637
0.274056
0.0669576
1.86145
0.101932
0.149785
0.0149541
1.65722
0.119022
0.65041
1.63176
1.97937
0.288278
1.54552
1.81274
0.0509049
0.183538
0.986847
0.407849
0.150945
1.59136
0.228339
0.349803
0.492203
1.93994
1.81829
1.55406
0.139653
1.80071
0.854213
1.85498
1.06809
0.0108036
0.191107
0.364696
0.488357
0.984344
1.45769
1.91583
1.69567
1.56389
1.22959
1.08121
0.427564
1.61846
0.986663
0.255867
0.188787
1.7177
0.45558
0.352672
0.204962
0.178411
0.193426
0.82284
0.474807
0.802942
0.910794
0.967803
1.67772
0.485916
0.0988189
1.83172
0.46614
0.65389
0.267464
0.581744
1.56548
0.0380261
1.90124
0.511185
0.738182
0.893033
0.0369884
1.87255
1.41978
0.182623
0.38258
0.166387
1.86663
0.084109
1.81194
1.63408
0.420728
0.638081
1.54967
1.98352
0.193121
0.140446
0.390027
1.6231
1.38054
1.94733
1.52116
0.3155
0.439222
1.97723
0.0647603
0.447096
0.223579
1.93835
0.588031
1.79693
0.184454
0.111087
0.0883816
1.87115
0.392041
1.53081
0.333384
1.77282
0.074221
0.312387
1.97076
1.15378
1.16483
0.22132
1.64794
1.62468
1.92859
1.84075
1.61681
0.447462
1.8764
1.26078
1.47789
0.0410169
1.74786
1.67467
0.131535
1.83538
1.73333
0.450575
1.53362
1.67962
0.357921
1.31559
0.142399
0.311228
0.0370495
0.40669
0.0569475
0.699118
0.0364391
1.04593
0.242012
0.169927
1.90149
0.484817
0.0224616
0.17719
1.9483
1.14847
1.96008
1.33079
0.0512101
0.0954619
1.44877
0.448683
1.87133
0.383679
0.30549
0.614765
0.177313
1.61596
1.92065
1.67095
1.59551
0.377575
1.79449
0.58211
1.82952
0.156682
0.734336
0.0324107
0.426832
0.170476
1.70965
1.09165
1.52745
1.39756
0.393506
0.269295
1.64959
1.83825
1.54997
1.53996
0.913602
0.706931
1.59233
0.436781
1.567
0.446486
0.924833
0.0241707
1.84082
1.82128
1.25272
0.389294
1.61754
0.132328
0.303781
0.416639
1.12564
1.81182
0.179876
1.69213
1.68358
0.149174
0.344188
0.174627
0.214972
1.40928
1.79931
0.0623188
0.992889
1.85656
1.64397
0.303171
1.82281
0.0278329
0.0497452
0.556108
0.434889
0.0905789
1.64525
1.52348
1.75103
0.135258
1.97418
0.112613
1.61126
0.941679
0.109561
1.26634
1.88153
0.173833
1.83282
0.0514542
1.9649
1.859
1.44169
1.65642
0.423902
1.63005
1.70983
0.304636
0.209601
1.29386
1.29807
1.22709
1.66265
0.155339
1.91064
1.55535
0.509842
1.64837
1.60338
0.911283
1.88745
1.55119
1.66649
0.0855739
1.77386
0.767174
1.29093
1.73614
1.92346
0.337168
0.522782
1.57994
0.612262
0.97879
0.710837
0.315439
0.290536
1.10385
1.93262
0.963469
0.166509
1.88324
0.0532853
0.414441
0.300913
1.48143
0.213569
0.378002
1.44719
0.0965606
1.72295
1.24577
0.590655
0.425733
1.30662
1.62334
1.88604
0.188421
1.95563
1.94354
1.61919
0.131046
0.056093
1.95746
1.4423
1.69921
0.467971
0.129398
0.390393
0.103946
1.79168
1.78137
1.85559
1.08158
0.116642
0.232734
1.57707
0.288461
1.41917
1.95746
0.15479
1.96094
1.65758
0.316355
0.475295
1.51085
1.13059
1.76196
1.69219
1.62096
0.214179
1.84094
1.65978
0.138249
0.154851
0.421339
0.736167
0.486892
0.264718
0.327891
1.03116
0.962249
1.50005
1.25681
0.411695
0.4391
1.24052
0.108524
0.584246
1.67565
0.506241
0.00531022
0.367992
1.52721
1.80297
1.56078
0.527238
0.518082
0.75277
1.60192
0.33723
1.83721
0.621418
1.40672
0.940764
1.61254
0.366466
0.402234
0.6451
1.94311
1.68493
1.85705
1.77551
1.71667
1.72088
1.53905
1.0864
0.427442
1.73638
1.75768
0.0507828
1.66643
0.968596
1.5573
0.421888
1.89001
1.56053
1.62725
1.74267
0.455336
0.286813
0.688437
0.0452284
0.224677
0.157781
1.83361
0.138554
0.431776
1.85614
0.0695212
0.395642
1.24418
1.32823
1.14762
0.441908
1.84686
1.10208
1.51079
1.78808
1.77758
0.0398572
1.84295
1.74944
0.252754
1.98321
1.74841
1.95367
1.9776
1.80786
0.427931
1.53789
1.63024
0.122379
1.92248
1.65398
0.0368053
0.0883816
0.354625
0.132206
1.65868
0.00451674
1.6126
0.272835
1.50902
1.50835
0.15949
1.9967
1.9707
0.0100711
0.0139164
1.94769
1.39579
0.221931
1.51079
1.57823
0.566973
1.04953
1.71551
1.79412
1.86529
0.196661
1.25529
1.57207
1.87048
1.52287
0.408338
1.7304
1.49034
0.249092
1.19187
0.287484
1.93786
1.92969
1.04062
1.87677
1.85607
1.51769
0.58858
0.439467
0.42555
0.342235
0.159612
1.69097
1.57073
1.67772
1.50676
1.58
0.935453
1.70013
0.180059
1.786
1.59478
0.387524
1.68084
1.94043
1.88806
1.69372
1.97528
1.78808
0.157659
1.29093
0.696249
0.477065
1.98798
0.679098
0.354015
0.400708
0.041139
1.875
1.5258
1.07688
0.326243
0.254585
1.51366
1.29569
1.9939
1.63091
1.27342
0.774133
1.59557
0.486038
0.0889309
1.43931
1.95715
0.155339
0.495499
0.150273
1.97119
0.135502
0.365184
1.57543
0.909085
0.118839
1.96747
0.162603
0.171636
0.562578
1.21995
1.71526
1.60686
0.302744
1.03769
1.6447
0.274545
1.80755
0.3567
0.00976592
0.404126
1.76336
1.76708
1.36277
0.967803
1.52269
1.9895
1.65923
0.433485
0.0355846
0.383984
0.920072
0.495743
0.0611591
1.81756
1.52281
0.644429
1.56401
1.93103
0.49086
0.263009
1.91467
1.99347
1.80657
1.85943
0.491897
0.285043
1.98016
0.369945
1.77221
1.8424
0.0220954
0.0451064
0.178655
1.58647
1.523
1.07834
0.75454
1.79498
0.413099
0.24427
1.92425
0.937956
1.7431
0.441481
0.378368
1.61785
0.147465
1.76336
0.360485
1.94995
1.72814
1.57866
0.304453
1.72216
1.53429
0.425489
0.778954
1.23179
0.18128
1.76672
1.52818
1.77892
1.70855
0.21015
1.73327
1.65575
1.9295
0.486709
0.506485
1.06241
1.81628
0.206061
0.0582904
1.81512
0.33314
0.355113
1.01242
1.8034
0.466994
1.97015
1.55919
1.89642
0.125492
1.95721
0.292673
0.14594
1.88659
1.81249
1.93109
0.234809
1.5714
0.316904
0.706748
1.96283
0.561907
1.97461
1.99585
1.68822
0.353954
1.89746
0.362499
0.243965
0.892361
0.686117
0.25959
0.0155034
1.77142
0.614826
1.57549
1.81188
1.75536
1.5006
0.241096
0.721519
0.111393
1.8797
1.85174
1.6585
0.297006
0.108585
1.54961
0.181524
1.62841
0.713034
0.169744
1.52135
1.70116
0.419691
0.204108
0.431837
1.66277
1.5963
1.86016
1.81854
1.40397
1.7481
1.65911
1.81829
1.18271
1.55107
0.205023
1.83026
1.66106
0.761498
0.379467
1.27604
1.55675
1.41655
1.2916
1.52062
0.0307627
0.077517
0.321421
1.42631
0.228523
1.59948
1.57506
0.932768
0.19422
0.387951
1.5313
1.53771
0.227363
0.174261
1.84857
1.97552
1.29429
1.05161
0.335765
0.954802
0.442824
0.186285
0.24189
1.27818
0.570025
0.497147
1.89679
1.91217
1.91217