0.797998
1.54558
2.82443
0.800073
0.419202
1.9306
3.75695
0.612079
1.79217
0.493179
0.296274
0.502335
2.30915
3.76135
2.17463
1.86859
3.20908
0.264534
3.9574
0.313852
0.67861
2.7065
2.39424
1.01065
1.23331
3.01608
0.451186
0.306406
0.111209
0.755272
3.53441
0.249519
2.78561
1.52251
2.89731
1.335
1.89715
3.62694
1.54375
3.63036
1.31449
1.13272
0.0885037
3.78222
0.734519
3.71227
1.30216
0.912748
3.93445
2.53047
3.12925
0.140751
0.684225
1.33683
2.16279
2.97995
2.19233
0.77871
0.212043
3.89428
3.78014
2.46211
3.26585
0.0306406
0.460585
0.136113
0.483169
2.14899
3.67638
1.32182
3.54064
2.70284
2.70089
2.74129
3.80175
2.98044
1.44523
0.198004
2.55818
3.55004
1.00479
3.74157
3.54357
2.35823
3.94848
1.28104
0.370983
1.361
3.69262
3.51427
0.12122
0.17127
3.73119
3.73107
2.85971
3.95984
0.0316172
2.92587
0.331065
0.565935
3.34666
2.43745
3.61351
2.63338
3.03
1.60442
2.41792
1.03995
0.64565
2.9819
2.54891
0.33961
0.982086
1.84368
2.14313
2.15448
3.87866
1.23429
2.7972
3.374
3.47179
3.66784
2.11994
1.43327
1.47356
0.618793
0.316172
3.50365
3.28367
2.15412
0.787255
1.94342
1.9931
0.0290536
1.64385
2.61812
1.26127
0.0371105
2.5699
3.24497
3.84777
0.738792
1.43461
3.98401
0.954619
2.37495
2.56539
2.46223
0.823389
0.44496
1.26786
0.741722
2.99655
2.50972
3.97424
3.82849
1.59673
0.375866
3.75903
0.0628681
0.982086
3.78051
3.7141
3.99695
3.73278
2.45637
1.1547
2.37373
0.0625019
0.30311
2.27692
3.9917
1.87335
2.86349
2.4051
1.2288
1.63469
2.97873
1.44169
1.17093
1.68108
3.52306
3.98328
2.12201
3.54833
0.727561
2.80746
3.08029
0.955718
1.42998
3.32286
3.15085
3.85351
2.51863
2.97177
3.76489
0.463881
3.09726
3.64415
2.54817
1.90411
0.0744652
3.32994
2.26264
0.633564
1.14237
3.55992
0.1377
2.34248
0.362438
2.83151
2.06781
3.4774
2.55379
0.583026
2.15192
3.77172
2.44649
3.84753
0.00878933
1.2183
0.140263
2.89096
2.48506
0.298593
3.54735
1.12223
0.277352
0.0981475
0.104495
3.33177
0.0704367
3.41844
2.58187
0.865505
2.28962
2.01569
1.481
0.93582
1.59331
0.663106
2.88266
1.34404
1.63897
1.46049
3.37291
1.45158
1.66668
1.21427
0.413343
1.53691
0.648457
3.79247
3.60704
3.68749
1.48357
0.205451
3.60546
3.3408
2.55684
0.0824
3.51903
0.377941
3.74682
0.366588
2.14447
3.07627
3.83984
2.96005
2.39924
3.07797
0.362194
3.23984
2.00678
2.63936
1.50566
1.04215
0.459975
0.597064
2.48115
3.68627
1.03848
3.27439
3.81689
3.61058
0.0963164
0.319712
1.88165
1.79705
0.415418
0.754784
2.57393
3.8457
3.90686
1.94501
2.16535
2.61544
1.919
0.229377
0.192022
1.54924
0.585833
0.36903
0.667867
2.15278
3.84082
0.47438
2.09857
1.32914
3.07724
0.382946
0.231819
3.54479
3.95666
0.208747
1.18937
0.187506
1.20756
0.152959
3.80517
2.77975
0.468642
3.72741
0.410535
3.95996
1.86578
1.47209
3.01071
3.88647
1.66179
3.58654
0.555193
0.447768
2.30427
0.443617
0.175298
3.9049
0.492691
0.112552
3.28367
3.69836
3.72704
1.98224
2.12995
3.1052
2.69356
3.9729
2.89938
1.27689
1.49919
3.34642
3.76122
0.974029
0.0256355
0.174078
3.9552
1.6386
0.438734
3.37315
1.39409
0.233528
0.904324
1.53813
1.95904
1.5584
3.57457
0.428602
2.26899
1.7337
2.50838
3.713
2.84091
1.46953
0.167364
2.63717
1.94256
3.17038
1.56426
0.132817
3.69066
0.366344
1.78082
0.288949
1.43693
0.407971
0.51796
2.57027
3.37242
3.23789
0.440199
3.02841
0.167852
2.36457
1.5501
0.108402
0.389416
3.45274
0.346568
0.790796
1.70135
1.37626
3.49059
1.57707
0.360973
3.30589
3.5117
0.118046
3.60619
1.0004
0.203619
1.28141
2.64974
2.99216
0.822169
3.98413
3.89917
0.0371105
3.86792
0.285897
3.83911
2.14154
3.33372
2.686
1.97284
1.2465
2.70199
2.61922
1.47038
3.59313
1.67119
1.72039
2.2309
3.60778
1.14066
2.8486
0.189215
3.93847
3.01523
0.387707
0.839747
1.45878
0.333384
1.7857
0.623676
0.747215
3.80468
2.21955
1.50444
3.76598
0.270028
0.044557
3.55321
0.619526
0.675924
1.24723
0.54152
0.500748
1.215
0.213019
1.68365
0.36195
1.90277
3.86254
0.331797
0.279061
0.425428
0.27308
1.81451
3.63866
3.12436
0.215094
0.0605487
1.98614
1.29594
1.01627
3.16147
1.68157
0.380627
3.28147
3.32237
1.90143
3.50401
0.26429
3.7351
3.6765
2.76327
3.98083
1.96185
3.09275
3.54283
0.219733
0.384655
3.18101
0.173589
1.34367
1.87933
1.8117
1.51213
3.73302
0.304331
3.59679
0.487197
0.338389
0.267342
1.81964
3.4564
0.442763
0.695944
0.606098
0.0588397
1.44621
1.8244
3.38633
3.03122
0.577898
1.66436
1.63579
0.0816675
1.81976
1.68279
0.310801
3.67504
3.69127
3.63085
2.48592
3.6809
3.38108
1.18424
1.42143
2.24653
1.71966
3.63707
0.471572
0.955229
0.951079
3.70788
3.81188
3.81848
0.361095
0.376354
3.10202
3.3806
3.74621
0.000366222
0.473159
2.02594
2.45027
1.20902
0.51381
1.18168
0.497696
1.09525
3.0936
0.737449
2.86825
1.80523
0.31727
0.0965606
3.91162
3.84265
2.11469
3.18748
1.16483
1.87982
1.19926
1.62371
3.67199
1.45134
1.06961
0.615741
1.76519
3.56664
2.27265
1.50578
3.66662
3.32029
2.83627
2.37397
3.71752
1.0032
3.71325
2.6512
1.6364
0.120609
2.62325
1.31254
0.0483413
1.09818
1.66802
1.28715
3.68737
3.07321
0.377819
2.48616
0.302499
0.0552995
3.59679
1.66424
0.0765404
0.150761
2.22016
3.0842
0.327036
1.26237
1.80731
0.661397
3.80175
0.085818
2.32783
3.80566
2.07526
2.62117
2.35005
0.79458
0.281137
2.04511
0.517472
0.415296
2.7004
3.62108
2.74337
1.13614
2.19697
0.873318
1.35148
2.64132
3.99231
0.160283
2.54048
2.37678
2.19807
1.64153
2.59481
3.71154
3.78234
0.446791
0.81753
0.968902
0.605243
3.98669
0.775903
0.866604
0.186041
2.33857
2.79879
1.37321
0.201666
1.28727
3.02133
1.18119
0.324595
3.87109
3.63305
3.65099
2.56697
0.995636
3.02902
1.87384
2.02228
1.05081
0.553117
0.167608
3.16489
1.51323
1.97076
0.593036
1.3234
3.37107
0.214728
1.81036
0.583636
2.77059
3.37339
2.75741
3.93115
3.73852
2.36067
1.67132
0.151006
3.81335
2.16022
3.66967
3.80554
1.54094
0.121952
0.317881
1.92523
3.5454
1.27726
2.86422
2.67965
0.418226
2.60665
0.552019
1.68218
0.243294
3.30125
1.17411
2.91501
0.810205
3.06528
1.27946
0.167608
3.5089
0.222907
1.58916
0.929472
2.02728
1.72808
0.193365
0.784692
0.296274
2.90109
0.430189
0.458144
3.0687
2.50179
0.340098
0.749168
3.71398
0.586932
0.0037843
3.10398
1.48039
3.9624
2.22004
0.779931
1.9201
3.8363
0.411756
2.10981
3.95202
3.87585
2.25874
0.159062
2.58345
1.67547
3.85302
1.97528
0.445692
2.35774
0.555437
3.75854
3.65819
0.800562
3.78735
0.850734
1.13553
1.88787
1.627
3.37974
2.57222
0.717185
0.496109
0.661763
2.56563
0.561541
2.95236
0.1648
1.56572
3.15317
0.453627
3.53941
2.37971
1.33085
0.28309
1.21964
2.03034
1.43168
1.12467
0.9794
3.2468
3.96912
2.57979
2.46004
3.71129
3.90698
1.79229
0.776635
1.19803
0.621357
2.24787
0.115238
2.80807
0.778344
1.15421
3.46422
3.39634
3.65392
1.58354
0.120243
2.83517
0.115116
0.271493
3.05625
2.53902
0.101444
1.42363
0.0174566
1.57439
1.37944
0.529435
0.468276
1.08475
2.93283
3.39244
2.37739
3.1384
2.68709
1.8659
2.56185
1.3234
3.79504
2.86044
2.23554
3.91113
1.64177
1.4196
1.55376
3.89843
1.00418
0.208869
0.463271
3.77343
1.75481
1.65777
1.32231
2.07453
2.08991
3.52281
0.00268563
3.55626
3.58251
0.197394
3.39891
2.80148
2.1988
2.75192
2.51802
3.55419
0.734031
3.95691
2.46211
2.52925
0.494766
2.84506
1.15995
1.15311
3.51048
0.942412
3.27158
0.842555
1.23637
3.95337
2.98154
3.5609
3.96411
1.60735
3.78368
3.48912
1.80548
1.38725
3.66076
0.873684
3.52257
0.879543
0.753807
0.944975
1.96503
3.35752
0.43849
2.87179
3.24351
0.300058
3.93469
0.156133
1.26493
3.6328
2.43147
2.40876
2.28645
3.31407
0.237068
1.48955
1.61455
1.06351
2.19221
0.509293
1.97003
3.52269
0.961821
0.497696
3.64196
0.351939
3.68517
3.30845
0.810083
3.0361
3.21982
1.95331
0.217536
0.0699484
3.40367
3.87927
0.0661641
1.33561
2.07184
2.01044
2.91586
2.95651
3.23435
0.964385
1.04447
0.978668
0.0579852
3.69762
2.92624
3.81164
1.74236
0.422376
1.03665
1.90057
1.71136
3.91858
3.7467
3.73229
3.13706
3.99292
3.66478
1.94806
0.902738
3.96875
1.88446
0.207038
0.763329
3.63695
2.97079
0.444105
1.07181
0.456435
0.30372
0.122196
3.86962
1.17692
2.05292
0.341685
3.44261
0.136967
1.4854
2.38752
3.32188
0.430555
3.30308
1.52275
1.94159
3.71191
0.0360118
3.78161
0.30079
1.90704
1.51579
3.2728
0.17542
1.07852
0.468276
0.845119
0.333872
2.38691
1.00797
1.04239
3.59032
1.44963
3.85583
0.477187
3.3629
1.93793
3.82226
2.60811
2.88839
0.256355
2.04279
0.593768
2.42708
0.414563
0.416517
1.83013
0.126102
1.78143
2.39497
0.52443
1.26444
3.88354
0.0111087
2.28852
1.57671
0.878567
0.253059
1.18461
1.38285
0.385144
0.385876
3.35594
0.0231941
0.857082
2.32954
1.92303
3.14328
0.253304
3.54357
3.99927
3.24021
0.150639
1.04617
3.81152
3.56224
1.71856
1.73675
0.536393
3.73132
2.85372
3.7871
3.31236
3.93457
0.472915
3.93835
3.6444
1.3599
3.95215
2.98227
3.52574
0.958403
3.67174
3.45689
2.49129
2.0379
0.104495
0.310923
2.66085
1.87323
1.13016
0.176763
1.86077
3.91528
0.911527
0.0678732
0.0504166
2.40547
3.81774
3.53722
3.68407
1.53423
1.25199
2.36152
0.25367
0.992096
1.87701
0.184454
3.80102
0.500015
3.47264
3.27305
0.410047
0.990143
2.09784
2.4781
0.000732444
3.65575
3.78906
0.845241
1.30924
2.1175
1.59185
0.675069
3.20054
1.70403
1.58867
0.369274
3.96326
1.37333
0.571917
1.32072
0.22132
0.427992
3.65221
2.20942
0.598285
0.414563
0.0505387
1.66875
1.55181
3.86242
3.89673
0.0897244
0.472915
2.96933
0.368175
3.2374
0.00268563
2.13031
0.468764
3.35105
0.429823
3.76232
0.863918
0.473281
3.6372
3.98987
0.351817
3.13852
0.381848
3.90857
3.90136
0.435926
2.28974
3.83544
2.80123
3.02048
3.25401
0.549333
0.743431
3.42174
2.99606
0.0860622
2.04315
3.61913
1.49944
0.413953
3.74841
0.0744652
3.38548
0.195196
3.35838
3.55516
0.347667
2.66622
1.59282
3.74523
1.81671
1.91925
0.30665
3.57225
1.68267
2.43843
3.80163
3.13535
0.86697
3.27219
1.68218
3.74169
3.07968
0.19129
1.5457
0.787622
0.248787
0.476333
0.979278
2.4886
2.94345
0.0942412
3.25901
1.75103
2.42122
3.35374
3.29246
1.29252
1.57402
3.15574
3.33445
1.85943
0.00476089
0.814478
2.75375
2.10138
1.9715
0.337657
0.338267
2.70064
2.34236
0.190191
0.977447
2.11139
3.75915
2.86044
1.36845
0.415174
2.69076
1.77862
1.06522
3.63793
2.96872
2.09516
3.09665
0.679464
3.70763
0.85696
3.9071
2.47285
0.490249
2.7286
1.41838
0.520524
1.79376
0.470229
3.77392
0.0123295
0.333872
3.30442
0.0905789
3.50975
2.42378
2.29621
1.97809
0.725364
3.20713
2.73495
1.74041
2.60115
1.40947
0.277841
3.56249
2.61837
1.96381
0.167608
3.20188
1.69475
0.331309
2.51277
1.23063
0.00573748
1.22929
3.82653
1.05777
3.74157
0.448134
0.423963
0.517106
0.0426038
2.97653
1.35246
1.42998
3.76928
3.82434
0.23426
3.17173
3.18174
3.6632
0.543107
2.41072
3.29868
0.345225
3.68322
2.62215
1.92877
2.70003
0.383068
3.57286
3.37144
0.399182
1.68316
0.55385
3.36338
1.67815
1.04471
3.23533
0.462783
1.49431
3.52123
3.48045
0.2566
2.55147
2.11603
0.366222
1.19181
2.58516
2.76278
0.041261
3.78661
0.182623
1.67388
3.5714
3.9259
3.00192
1.83831
3.06858
1.45781
0.208625
2.70406
3.43992
2.2812
1.17386
1.12149
3.08921
0.845607
1.89019
3.39256
1.00076
1.95331
2.34968
3.36753
1.66411
0.371227
2.91049
3.72997
3.54344
3.78076
3.17869
2.69881
3.78307
1.2327
1.16446
3.19871
0.485611
1.27958
3.98083
0.839015
3.36058
3.24619
1.17325
0.0117191
3.37852
0.347789
3.27586
2.21455
0.820093
3.54942
1.7271
0.057741
2.17866
1.81292
0.0849635
0.369884
1.35002
2.93136
3.16831
0.668477
3.30821
2.23566
3.75964
2.59676
0.227546
2.28889
0.387097
0.00268563
0.390759
3.53319
2.43562
0.200568
0.187506
1.23051
3.34959
1.80071
3.90808
2.92929
0.395398
0.107791
3.65136
0.707907
0.841578
2.93271
1.13199
0.718528
1.87603
3.90808
3.86792
2.11762
3.53075
0.0832545
2.4687
2.65743
2.98227
0.637959
3.7683
3.16746
3.65795
2.75106
2.22358
3.31956
3.95923
2.6191
0.810327
2.06183
2.48824
2.76998
1.57121
2.36714
1.4268
3.33177
3.13327
3.97937
0.061037
3.73437
3.906
0.903958
3.97998
2.84054
3.31504
1.51067
3.536
2.1424
2.27338
0.0465102
2.80087
1.00089
1.58953
0.195685
0.389538
2.6595
2.28217
1.76556
2.29719
3.10727
3.13962
1.25956
0.492935
0.583514
0.568987
3.36229
0.33375
1.21232
0.657369
1.31437
3.85632
3.49205
0.117069
0.188971
0.745262
1.95074
3.72716
0.331065
3.70837
3.08554
3.86084
1.76507
3.09946
2.84323
0.548479
1.86138
1.52629
1.19828
0.828028
3.51988
1.73077
3.75097
0.802759
1.0994
3.05747
2.63472
3.92737
3.62084
0.0463881
3.76122
1.23722
3.67748
2.93454
2.12384
3.94946
2.74911
0.455336
0.517106
1.81378
1.66375
3.5764
3.14292
2.29231
1.65117
2.89218
2.07941
0.128178
3.84301
1.75689
1.39543
1.38237
3.82031
3.34739
0.314829
2.42122
3.48228
1.60857
1.18473
2.54122
1.72356
2.20417
1.69414
1.42888
1.78655
0.126469
3.85827
2.25947
2.10614
0.790918
3.3253
3.91186
3.73876
0.380383
3.84301
3.93225
3.68261
1.79815
0.0722678
0.994659
3.39195
3.65368
2.90707
1.99554
1.05618
1.24699
2.15546
3.56798
0.0484634
0.0548112
3.1688
2.50288
3.99646
2.50606
0.217414
0.624409
1.45183
2.4582
0.799219
0.104251
0.954985
3.62267
0.604266
0.741111
0.44789
2.98691
2.4145
1.63494
0.774316
1.56645
2.52022
3.82458
2.01715
3.89343
1.67083
2.33955
1.78582
0.175054
2.66878
1.78863
3.27244
0.92056
2.34712
3.69701
0.386731
1.11332
1.58208
0.673116
2.3592
2.23591
0.0756859
0.024781
0.565935
0.882717
3.06577
1.61565
2.15522
1.57781
3.51158
0.820948
3.0958
0.507096
1.69829
2.5555
0.38905
1.97565
0.149785
0.110599
3.94775
1.77703
3.80663
2.43086
1.10245
0.671651
1.33354
3.90332
1.44768
1.11209
2.11286
0.575701
2.15375
3.4547
1.33622
0.881252
1.08365
3.27805
2.42659
2.41487
3.37889
3.8269
1.07437
0.626118
0.0235603
3.86132
1.34318
3.807
0.127567
3.97729
0.771874
0.108768
1.28898
1.26444
1.58464
3.02719
0.0704367
3.52464
2.83224
3.14731
0.542375
0.894681
1.12552
3.6212
1.97723
0.0390637
2.25129
0.23365
2.58626
0.388806
3.09922
1.07059
3.86206
3.70263
3.7655
3.69774
1.66155
3.81457
2.71395
0.0290536
0.488296
1.87298
0.283944
2.03668
3.17319
0.931791
1.16446
0.670675
1.846
2.3697
0.175787
1.0358
3.10471
3.93432
0.449721
2.39985
0.287729
3.23154
1.66717
0.5403
3.8374
3.08579
3.77795
0.00854518
3.46776
0.54152
3.63012
3.07785
1.28239
3.83959
1.23515
0.984039
0.183844
3.91723
2.61739
2.35664
1.96454
1.39201
3.77404
2.16291
3.56114
0.271126
0.883938
0.414808
0.473037
2.78121
1.01138
2.71029
1.2841
3.77148
3.95007
0.710715
0.219123
0.0275887
2.43318
1.78216
3.83984
2.09601
3.91345
2.33613
2.50349
2.48836
0.455702
0.174932
1.88995
3.14096
3.51769
3.85083
1.35014
3.50182
0.0444349
1.21097
0.31605
2.1977
3.62719
0.0089114
3.176
1.76971
1.1503
2.67
1.08756
3.88476
0.491714
3.71728
3.3502
2.77279
3.60582
1.96222
1.05191
0.671407
0.298349
0.173956
0.0385754
0.627827
0.451796
3.16465
3.76928
0.619404
0.725608
1.56572
1.43779
1.15531
0.807031
2.35749
1.58318
2.67769
0.426527
3.46458
3.53612
2.79855
0.716819
3.50572
0.961089
0.58034
3.27854
2.09516
2.89413
3.66991
2.8337
3.1633
3.56285
3.91955
0.489273
0.384533
0.708151
2.58003
0.323984
0.492203
1.76934
2.7734
2.16706
3.60387
1.49467
0.867336
1.81109
0.019776
3.90661
1.63079
0.0690939
1.55168
0.374035
1.86016
0.888699
3.03623
0.527116
2.68551
0.154546
2.28559
0.288705
3.49974
3.68737
2.1756
1.66228
0.717917
3.38304
3.83764
2.95187
1.2122
3.63683
1.45463
2.34028
3.18833
3.228
3.22959
0.872707
2.24091
3.81848
2.89279
2.12079
0.10535
2.75582
1.22013
3.41539
3.35923
2.39204
2.13483
2.36653
3.77233
1.45146
3.55406
3.68261
1.81695
1.12027
3.71508
0.943388
2.67537
1.76922
3.81799
1.84906
3.98877
0.724021
3.40794
1.34696
3.00143
1.25675
2.85495
2.86215
0.892727
3.94739
3.56249
0.127201
1.73247
3.26792
2.39521
3.96435
2.00006
0.163945
0.284677
3.01376
2.12336
2.63912
3.20896
3.62706
2.61409
1.39177
0.834132
0.318003
2.23078
0.344005
0.0780053
2.43147
3.8446
0.299692
0.19776
1.94024
3.20139
2.13251
3.88659
0.50795
3.81994
3.2606
2.73031
1.29252
2.54878
3.81188
1.06851
0.216193
2.07843
3.27793
3.52574
1.14774
2.60579
3.90063
1.56609
2.07062
2.92929
0.960601
0.302622
0.0755638
3.66955
1.44987
0.176641
0.00671407
0.407971
3.30699
1.51408
2.97995
0.0380871
3.12815
1.79681
2.16803
3.60314
2.76205
1.04471
3.81286
0.336314
2.55757
0.463149
3.88562
1.69671
3.92431
1.3245
3.78173
0.475234
1.8128
0.728538
0.0061037
3.63646
0.494034
1.89422
0.391614
0.815332
2.17524
0.46559
0.81753
1.01053
2.49861
0.291391
3.79528
3.53539
0.0664083
3.82202
2.55953
0.214972
0.11243
3.06015
2.44014
2.66439
0.17774
1.42265
1.84185
2.15278
2.52461
0.710349
0.101077
1.82476
2.36726
0.0522477
3.45018
2.33821
0.315928
1.44426
3.78698
1.12406
2.41194
3.9856
0.122562
3.90979
3.32933
0.190802
1.29374
1.99884
1.12308
0.37257
3.45701
0.288827
1.83087
1.71001
3.0372
1.69109
1.90106
0.148808
3.10288
0.693991
2.65963
3.54515
0.128666
3.05307
3.23167
0.325694
0.31251
3.91272
0.498062
0.494156
3.30039
2.51839
3.93005
1.85064
1.09561
1.71441
1.39274
2.12433
3.10617
1.42106
2.57881
2.85519
3.18418
1.86212
3.49059
1.64666
0.161626
3.44444
2.37495
3.08762
3.81249
3.69774
1.69463
3.9823
1.50371
0.118412
0.0917997
0.105716
1.27689
2.11823
2.41707
3.79443
2.69283
0.608539
3.01389
1.89105
0.857448
3.50914
0.488174
0.0291757
1.31046
0.12183
2.73373
3.77477
0.415174
1.12027
3.84094
0.598773
3.76415
0.127934
0.613178
2.32502
2.73251
0.59035
2.75582
3.94201
1.52995
3.92431
3.31248
1.25028
3.71874
0.439344
2.1203
3.76232
1.05606
2.35676
0.112796
0.146855
0.739402
0.0916776
3.57323
0.347056
2.24824
3.5244
3.58654
0.310068
3.73583
0.23426
1.65227
1.7243
1.31437
3.37022
2.95944
2.42048
0.319468
1.27201
3.61315
3.73437
3.96081
3.97851
2.33381
2.06842
3.3928
2.02008
0.339732
0.181768
1.14505
2.82418
0.906644
3.41111
0.940703
3.88733
2.34614
0.262947
1.15128
3.88794
3.00595
3.15574
1.1077
0.748924
1.94427
0.409314
2.9747
0.615497
0.443129
3.04636
0.986114
3.81005
0.474624
2.20905
0.0102542
0.684835
3.83398
2.38862
1.59453
0.776635
3.96728
3.44664
1.90912
1.47526
2.83236
0.175787
2.73312
0.648946
3.69555
0.637349
3.94861
3.54357
0.917142
2.2436
3.67199
0.190191
0.364879
3.93921
3.70544
0.868679
2.12653
3.51988
1.98126
2.82138
0.397229
0.85464
0.669698
0.0634785
0.392956
1.81951
1.51433
0.744163
0.334239
0.343638
3.23362
1.88433
2.02973
0.571673
2.32441
0.493789
2.97324
0.269173
1.90509
2.63521
0.347301
2.61531
3.86572
2.33149
1.65484
0.916654
2.36396
1.84344
2.01495
0.15479
0.795923
2.70138
0.162481
1.18107
2.67513
2.3282
0.203986
0.335826
3.15891
3.91528
1.88897
3.7351
0.488907
3.52831
1.6801
2.87777
3.90149
1.20426
0.754662
2.26948
2.22358
1.888
3.20688
2.49776
3.41246
0.235725
0.353404
2.78133
1.49699
0.339244
3.35411
1.03116
1.47734
2.29585
1.4959
3.95056
2.60347
1.88836
0.436781
3.81127
3.76452
0.358898
3.74804
0.603412
0.125858
2.38643
3.66405
0.355358
2.11274
3.88073
0.880032
3.3032
3.02475
3.79418
0.841578
2.08869
0.209113
2.00287
0.301523
0.270882
0.541765
3.04587
3.80944
3.51048
3.3281
0.277352
0.278085
0.660787
2.87924
2.32844
2.36824
3.54906
3.22898
3.40098
3.74108
0.269906
0.764672
1.86309
3.70653
3.18235
1.81793
0.233528
2.87362
0.493667
3.70202
1.23392
0.0893582
3.6621
0.212775
0.700217
0.683493
3.82641
2.1297
0.417371
1.53874
3.43309
0.498795
2.74203
1.93658
0.00769066
3.03635
2.61861
3.08823
3.9469
3.50963
3.31529
1.98334
3.58519
1.34367
2.20515
3.3491
1.20121
1.96747
3.8131
2.98605
2.7535
2.8215
2.27436
1.21769
1.39763
3.85009
3.45482
2.72225
0.679952
2.67989
2.63814
0.182257
3.87268
0.557634
3.6173
3.53551
1.36979
1.28837
3.77758
3.421
2.3487
1.53606
3.05185
1.46257
2.29133
0.760033
0.333506
3.89587
2.69393
0.331187
0.0205084
2.31538
0.472915
3.55992
2.37715
3.83947
3.74145
3.93591
3.3513
0.182012
0.187872
3.97583
3.63073
2.90255
1.07547
0.22425
3.02841
0.431532
3.72582
0.0305185
0.454604
3.28086
2.82052
1.07987
3.94226
2.57393
1.12491
1.77422
3.6715
0.0800806
3.15232
0.638325
1.40263
2.08551
2.87338
3.24876
0.205573
1.15958
0.0933866
1.01688
0.517594
1.37126
2.93832
3.24192
2.9227
1.53618
0.439589
3.78246
1.48479
3.16453
0.438612
3.71642
3.02036
2.84738
0.0714133
2.74056
3.37815
3.10532
3.18552
0.49733
0.401502
1.34904
3.25608
2.84799
0.832179
2.49287
3.68444
2.75265
2.74142
1.39714
0.623676
1.55644
1.38395
1.52763
2.03876
3.86377
3.98608
2.95041
3.90271
2.67098
3.95642
2.96323
0.105716
2.26215
3.90503
0.104129
1.3842
1.80963
1.96112
1.80023
2.30634
1.2487
0.274178
2.27338
3.0466
3.70421
0.961211
1.22282
2.11322
3.10068
0.0120853
1.32377
1.10245
1.59099
0.408338
2.09369
3.53136
0.287118
1.9798
2.18708
2.56966
2.04584
2.31159
2.05927
2.72298
0.676656
3.17942
3.18516
3.13315
3.78295
1.01798
0.206915
1.94989
2.73629
3.58007
0.31251
1.35856
0.99942
3.06858
0.797266
2.82797
2.1905
3.59679
3.00314
0.0603046
0.90994
1.55681
3.66198
2.44942
3.84741
3.71044
2.26948
0.885525
3.70165
0.57033
0.746849
3.80468
3.30198
3.78234
2.59456
0.926542
0.194708
2.97262
3.63073
1.13272
1.76104
2.36995
3.19895
1.87786
3.47093
3.7915
2.29194
1.22562
3.18332
3.28758
1.49174
2.13984
0.398816
0.726218
2.98544
3.58336
0.239631
2.94418
2.06195
1.38469
3.70653
2.03009
2.42341
0.52736
3.52794
0.624042
3.66686
0.0456557
3.54759
0.147465
1.69842
1.48039
2.18879
0.692404
0.388318
0.258065
3.81628
1.794
3.71276
2.55916
2.94955
3.17844
0.0860622
0.163701
2.27912
2.17914
2.80514
0.965484
0.93936
0.878567
1.47319
0.242805
0.904324
1.73003
2.39937
0.962188
1.9903
2.36653
0.934721
1.35575
2.53023
2.83493
0.458388
2.13849
0.374157
0.258675
3.93591
2.62557
0.860134
2.37104
1.26041
1.14396
3.13767
0.0820338
1.06937
2.83517
1.23002
2.65291
1.91791
0.739891
0.146123
3.57689
2.80331
3.52013
3.71154
2.87033
0.112552
3.47533
1.31095
3.33848
1.12491
2.20331
1.39616
2.62935
3.45799
3.93909
3.661
3.90905
1.22892
2.15094
3.47374
1.35771
3.0267
2.47481
3.00974
1.63335
0.289193
0.829127
2.69918
0.194708
2.34516
1.36271
3.55907
0.03296
0.708396
0.876125
1.94513
2.4991
3.89892
2.36262
2.5063
2.19391
1.79095
1.20743
0.647725
3.90783
3.59252
1.99738
0.0832545
2.22858
2.39802
0.0639668
3.3646
2.74386
0.239387
3.35191
3.5316
0.220832
2.93893
0.371105
1.31144
3.60424
3.5244
2.49495
3.76501
1.0474
1.20768
1.10208
2.2331
3.2805
3.7915
3.54552
0.243171
2.79916
0.155278
1.57097
3.94861
0.463027
2.12751
1.57488
0.470962
0.393323
3.46019
2.90634
2.78842
2.93368
0.448622
3.21982
0.63393
2.01227
1.39885
1.5313
2.29218
3.8778
2.4294
0.820338
2.41475
3.78149
3.75402
3.12363
0.969878
2.85482
1.22648
0.194342
2.77499
0.221931
3.75439
0.765526
1.94464
3.33274
3.48448
1.40483
3.50548
3.76904
3.8551
2.96432
3.50218
1.69488
1.92547
3.60985
3.51122
3.69848
2.72445
1.72723
0.628437
2.78475
0.580828
0.317881
0.37843
2.51888
2.74276
0.293832
0.100101
1.10733
2.59542
1.50688
3.58129
0.98294
1.74664
1.64373
2.76974
3.77526
0.298959
0.107913
0.0717795
2.03522
3.48753
1.74773
3.10508
0.0751976
1.14798
1.53752
0.514908
1.26579
0.497085
1.45817
2.58309
0.0736106
1.79376
2.18366
0.492935
0.751854
1.05411
1.45915
0.724387
1.34281
3.11985
2.99704
2.51436
0.404187
2.48665
3.65941
0.656026
1.10465
0.589007
3.65282
0.599261
0.652608
0.185675
3.64086
0.992706
2.91598
3.97314
3.79186
1.04215
1.74322
1.98065
3.06357
3.86914
2.35054
0.589496
1.48357
1.17045
2.59871
1.74725
1.86554
0.141972
2.22675
0.0162358
1.25211
3.55907
3.74267
1.262
0.983184
1.15714
2.14264
3.802
3.99438
0.318369
3.95093
3.6079
3.84631
1.68352
3.04196
0.831812
0.729637
1.06851
0.336192
3.71728
0.0305185
2.66524
3.86743
3.66845
0.603534
2.56685
3.29197
3.59496
2.31379
1.22196
2.03619
3.56713
3.55333
0.443373
3.47948
1.30058
2.7524
1.94903
0.451186
0.0596942
3.90869
0.0833766
0.852687
0.235725
1.50542
3.33995
2.65853
0.0704367
1.06864
0.180303
2.98312
3.00558
3.97583
2.21931
2.19367
0.403699
3.95312
0.705344
1.01932
1.21049
2.87509
3.6129
1.42595
2.0014
1.05826
1.46965
3.90942
1.95843
3.45714
2.40229
0.0120853
2.57344
2.73836
1.02921
2.12177
3.64391
0.225471
1.80145
0.560808
0.227668
3.8551
2.29463
0.0781274
1.76385
0.272835
2.83871
1.90167
0.047853
2.97116
0.747948
3.57775
3.94714
0.476211
1.88922
2.11835
3.67809
0.21363
2.66097
3.58666
0.41615
2.73556
1.98212
0.301645
3.09494
1.62517
3.37889
1.14286
0.0285653
1.73125
1.6209
3.88366
3.08151
2.50618
0.382336
2.15082
2.52632
2.67794
0.759423
3.64525
0.0471206
1.08267
3.76952
3.30467
3.57457
3.9873
2.01227
0.439833
3.64745
3.36778
3.66832
1.98737
3.78185
3.75634
2.67147
3.53172
3.29453
0.60683
2.8309
0.491592
3.12851
3.77917
3.33103
1.13272
2.12348
0.778466
3.96496
0.129398
3.70519
1.38029
1.66973
3.92895
0.689352
1.41545
3.57604
3.34336
2.29621
3.22361
1.90985
0.535539
3.83349
3.63622
1.45659
1.14823
0.385266
3.6444
0.249031
0.415418
0.0596942
1.69207
1.04935
2.23981
3.77099
0.201178
0.313364
2.99411
0.014893
3.09934
1.53887
1.76983
3.58031
2.85678
3.70067
2.61837
0.186529
3.16977
3.94763
2.88449
3.56285
2.03265
1.67205
1.76092
2.75875
1.96454
1.88971
3.97851
1.92462
0.189337
0.0740989
1.4423
1.42399
0.409803
2.90719
2.74105
3.6256
2.04901
2.81515
2.53413
0.0262459
1.90936
1.39824
1.89154
0.300546
2.22272
0.333995
0.767235
1.37834
3.72631
1.30839
3.6737
0.115482
3.76428
1.47746
3.11277
0.139653
3.69579
3.20591
1.64031
0.986847
0.302622
0.858913
3.89453
2.59554
3.61473
3.97961
3.6411
3.5537
3.38646
3.37547
2.10114
3.67052
2.82064
2.72823
2.27985
0.262581
3.78906
0.931913
1.16044
1.4583
3.20725
0.574114
1.65825
0.36903
3.78088
3.9856
0.343638
0.95706
2.11896
1.6176
3.57701
3.62108
3.75329
0.311533
2.24213
3.05991
2.1131
1.05313
3.51085
0.452162
1.21256
0.669332
1.81182
0.822047
2.67794
1.43022
0.552019
0.0363781
0.657857
1.22159
2.03827
0.220466
3.61547
0.358043
3.91894
0.777245
0.22718
1.507
0.356212
0.411756
3.81957
0.354625
2.91012
0.185675
3.36692
1.09256
0.0778832
0.620746
3.76989
3.1915
1.06986
3.9989
0.4579
1.61113
3.47288
2.4582
1.84332
2.9863
0.219123
1.21476
3.73437
1.05789
1.06436
0.361827
3.7329
3.97131
2.15143
1.79034
3.79247
3.89807
1.81426
3.57799
0.387097
1.54717
0.859767
3.9209
3.21714
3.23997
2.4178
2.95822
0.124027
0.0141606
2.6556
3.59166
1.28666
2.84762
1.53056
3.06601
1.14713
0.134526
2.56539
0.285775
3.75463
2.13141
1.69414
3.31748
2.09369
3.84521
3.88928
3.33103
3.73022
3.61608
1.03385
2.94638
1.05411
0.44789
0.690573
2.46516
1.30839
2.98276
0.379772
1.65398
0.326548
3.68749
2.36665
2.02301
0.492813
2.97507
1.54936
2.91757
0.310312
0.843776
1.9975
0.916044
3.90905
1.25687
1.95526
1.92206
0.276254
3.20054
2.96408
0.125126
3.80554
3.51097
3.75365
1.6989
2.81185
0.879177
2.56307
2.57356
0.223273
3.09275
0.0819117
3.85705
1.19034
1.05264
1.34318
2.61971
0.911771
1.92938
3.76244
3.62535
0.873684
3.47813
3.93664
3.50609
0.0122074
2.98019
3.43687
0.291147
3.1052
2.83285
3.91809
3.40587
3.87939
3.78027
0.660665
2.99094
0.327036
1.78423
3.61205
3.86853
2.87387
0.131108
1.96881
1.44438
2.61495
1.30949
0.423353
3.57945
0.390881
3.80309
3.8645
3.95618
2.51668
1.63604
0.467544
0.446181
3.99414
3.69909
3.13266
3.69628
0.471084
0.421766
0.161504
1.71551
0.54799
0.88052
3.9552
0.48793
0.434584
2.83126
0.925565
0.268563
2.44038
1.47478
3.63878
3.20615
2.49641
1.40922
2.63521
0.172857
3.46922
3.81799
1.03531
3.31602
3.35569
1.14042
2.19086
1.29618
0.0156255
0.943999
1.01395
3.84594
0.0496841
0.346812
3.32652
0.156743
3.14328
2.15754
3.15842
3.35667
0.641865
0.325449
0.381603
3.6129
2.33772
1.79278
1.97406
1.76189
3.71923
1.71636
3.62658
0.386853
1.00919
3.39378
2.79171
0.822291
0.279427
2.10566
3.27976
3.66503
2.25507
3.20444
3.56761
3.63341
0.927763
2.22443
2.91671
0.990143
2.3094
2.88058
2.04352
3.88122
0.741722
0.42787
0.0150151
0.37965
1.29655
0.422254
0.156987
1.21732
0.929228
0.292734
2.45857
2.01605
3.72729
0.655782
2.66012
2.54744
0.0292978
2.55562
2.16706
1.24808
1.58916
0.935453
2.1286
2.50764
3.2241
3.80969
0.374157
1.45878
3.64562
3.17917
3.89831
1.40788
0.614765
0.232307
0.835841
0.031373
0.680807
2.99435
3.5034
1.31193
3.81372
3.92322
3.58727
3.65294
3.91614
3.60741
2.72787
2.472
1.05374
0.634053
1.27885
3.97119
3.8142
3.97693
0.407605
0.678854
0.472427
0.46437
3.9541
2.4543
3.1312
3.60155
0.183721
0.291879
3.09128
3.04172
2.82382
3.53233
3.83837
1.45573
0.0491958
0.110233
3.16306
0.23133
2.35994
2.25752
3.89074
0.129398
2.75167
1.61138
1.86554
1.45732
2.3448
3.52513
2.29499
3.93811
3.82324
1.84332
0.215094
0.32606
1.4771
2.7795
0.26307
2.86203
1.98041
0.243416
1.24882
0.8876
0.348521
2.97812
0.319346
0.682028
0.266366
1.00748
0.856105
1.47453
2.96615
3.40318
0.0434584
0.521622
1.89142
0.472427
3.87988
3.16208
3.75646
3.85314
0.0627461
1.26725
3.55077
3.09128
0.548235
2.07599
1.10611
2.56624
3.95337
3.86132
2.96725
2.8442
3.58959
3.39305
2.65658
2.54024
3.85461
3.09738
3.0488
2.02435
2.16486
0.685446
1.96722
0.375134
3.50658
3.37913
1.01602
1.75213
1.83465
3.42491
0.858058
3.48656
3.04746
0.192145
2.93808
1.63237
3.8374
1.65447
0.485122
0.53798
0.232917
0.286508
0.0469985
1.32255
0.446669
1.18632
3.81664
1.86737
3.63012
3.43834
3.92651
0.508683
3.0455
0.0150151
1.6353
1.76714
3.42723
0.634541
1.64104
2.14057
3.45238
3.02304
1.44218
0.0437025
3.81994
0.169927
0.499039
3.13535
3.77331
3.56334
2.16511
3.56615
0.926786
0.737938
3.36753
3.15268
1.92669
3.2584
0.414563
1.13822
2.42415
3.14292
3.1008
0.204352
3.62474
0.384167
0.472427
3.24314
0.812403
0.65273
2.79696
3.59496
3.6765
3.21397
3.79284
0.268685
2.96786
3.28611
0.552629
0.069216
1.54265
2.98166
2.91379
2.38166
0.823023
3.81945
1.77081
2.08625
0.708274
1.50017
3.62499
0.12476
3.0654
0.137944
3.34703
0.652608
1.18766
0.897122
1.1044
0.177618
0.896756
0.551286
1.0286
2.42671
2.96872
2.74947
0.28724
2.24665
1.59539
2.20454
3.64464
3.43931
3.61034
2.48885
2.08393
1.77606
2.29072
3.88794
3.19761
1.98236
2.00287
3.96155
1.85089
2.0893
2.38301
3.60021
0.0623798
3.43883
0.943022
1.03458
0.898709
3.73266
0.442518
2.55806
2.56063
0.511979
2.71578
3.58617
1.41911
1.05069
0.215339
0.0443129
3.5338
3.52391
2.66585
1.76434
1.42631
2.35127
3.40648
0.101566
3.40965
1.03311
3.82788
0.26014
0.443373
3.75658
0.177129
3.03439
3.78124
0.305918
3.90417
1.92694
0.782128
1.33988
1.94903
0.593402
3.80309
0.920682
2.01044
0.234138
3.0521
1.24015
3.61315
1.10514
0.552385
3.88244
2.33882
1.36235
1.59478
0.155034
2.44258
1.25272
3.68297
2.06964
3.89819
0.227912
1.92145
2.62654
3.56175
0.621601
0.476211
0.63918
0.384899
3.64806
3.93603
3.75072
0.138554
0.168584
2.84103
3.14585
3.93909
3.41905
3.33604
3.24827
0.392834
3.62499
3.35057
1.18229
2.858
3.89123
0.0178228
0.754784
2.71371
1.29386
0.220832
0.167364
0.512467
1.89727
2.7806
1.81805
1.18241
0.979644
0.498428
3.7705
0.321909
2.98556
0.190069
2.45381
2.70894
2.09687
3.50865
2.84201
2.09638
2.05097
2.52034
0.282723
0.757469
3.42869
1.07559
2.49556
3.91589
0.386853
2.73531
0.331065
3.58373
0.198737
2.24885
3.16501
3.87463
1.33317
0.122318
3.28318
3.66417
0.915799
2.95614
0.281259
0.279305
3.9541
3.07419
0.226814
0.0173345
0.104862
3.25816
3.98462
1.57695
1.57683
1.98761
0.753197
1.37065
3.2617
3.16575
1.22514
0.203009
3.30528
0.413465
3.75402
0.256111
0.485122
3.51524
3.64782
3.56835
3.86023
1.74969
0.880276
3.06821
2.89377
0.676046
1.75933
3.52171
3.80078
3.84741
1.97687
3.53941
2.31391
1.95904
2.25861
2.05158
1.4019
2.23652
3.06552
1.84478
0.0333262
3.8479
0.821314
2.41133
3.15867
3.00473
0.431776
1.97247
2.44978
3.33665
0.740501
0.568743
2.13959
1.85003
3.04038
0.772607
0.251717
0.739036
0.421766
1.76141
1.50542
0.198859
1.49516
1.54973
1.92474
3.7716
2.28388
2.68001
0.484512
1.65398
3.8999
0.35609
0.481704
3.82141
0.153203
1.13749
1.08744
2.6711
1.21097
2.97873
3.12522
3.95386
1.0098
3.16965
0.90054
2.7253
3.49742
1.56877
1.03409
1.62835
3.96277
3.62328
0.314096
3.51402
1.50578
3.36668
1.03507
0.950468
0.21485
1.71563
2.91256
0.791528
2.67721
1.55376
2.86605
2.20734
1.06949
0.167119
3.27244
1.23283
2.71896
1.88141
0.456801
2.37593
1.00345
3.67186
1.08243
0.957793
0.0330821
0.103519
3.95544
1.69683
3.95495
0.302011
0.778222
3.99023
1.71697
3.124
2.34858
3.39036
1.32682
3.79907
0.316904
0.140629
0.359874
3.94617
0.00415052
3.94971
0.903592
1.68584
3.63585
0.237434
3.74389
0.450087
1.91168
1.90265
1.27103
2.10468
0.208625
0.390881
3.94031
1.04141
3.5294
3.5482
3.06064
2.90524
3.7467
1.94354
0.789575
0.427137
0.304331
1.82476
3.45421
1.97076
0.159917
2.27473
2.33015
1.03299
2.34419
0.248909
0.0231941
0.11475
0.471694
1.05118
3.83386
2.37336
1.21696
1.74822
2.53731
3.55394
0.197027
1.8189
2.42988
3.96863
3.29868
2.46333
1.5208
1.61455
0.157231
1.33256
1.22025
1.0242
0.984527
3.65502
0.22364
0.336192
1.19034
3.32408
3.06442
3.89294
2.11164
3.32127
0.493912
3.63903
2.0423
0.298349
0.212897
0.442274
0.130497
1.70489
1.50298
1.50652
2.87057
1.52922
0.421033
2.75997
1.38237
0.0324717
0.0782495
0.211188
2.16388
2.13776
1.12064
0.665914
0.163701
0.0694601
0.0665304
3.50926
0.819971
2.42964
3.00217
2.82186
0.20838
2.91989
3.67223
3.98462
1.2476
0.939726
0.754051
0.0781274
2.3415
0.344737
3.72021
0.641133
0.213507
1.16214
0.658101
3.73424
2.4753
3.6046
3.10495
1.70415
2.96091
3.71398
2.11286
3.43663
0.45204
3.8684
0.471572
2.70614
3.96619
3.01914
0.14832
1.8941
1.76434
1.63201
2.52705
0.244026
0.667867
3.35765
0.711081
0.601337
1.50908
3.37059
1.12003
1.72283
1.88031
3.03354
3.29783
1.03348
0.389904
3.09323
3.70544
2.36592
0.23487
2.05805
2.19135
0.521378
1.90155
3.76855
0.445448
0.946196
0.0340587
3.60045
0.648701
3.46568
3.01877
0.17481
3.68712
3.69994
1.83026
0.662374
3.15171
2.94833
3.86023
3.96081
2.64547
0.802026
0.449721
1.03763
3.9248
3.6538
3.81787
2.738
0.148564
0.27662
1.70342
3.61254
0.195929
2.4969
3.66076
1.37394
2.21357
0.943876
3.59972
3.88598
0.786401
1.81463
0.324473
0.341319
2.93857
2.41694
2.57845
0.769311
0.243171
1.69817
2.21039
0.94351
2.51204
0.588519
3.53771
2.19098
2.96542
1.00174
2.07062
0.627827
2.47603
3.5725
1.73516
3.5714
1.45769
3.75671
1.97833
0.351573
1.75359
2.5229
1.83709
0.602557
1.79852
3.76196
2.90573
3.62792
0.216803
0.967681
3.95679
2.73202
0.528214
2.00787
2.33833
3.65477
3.10202
0.984527
3.47337
2.20856
3.50511
0.0240486
1.36637
0.629414
1.82794
0.271737
0.624165
2.51619
2.73788
0.341807
0.652364
0.836085
3.62938
0.790063
3.32273
1.90582
2.39949
2.31489
3.541
3.38804
0.401135
3.65697
1.45109
1.42778
2.19367
0.508316
3.90258
3.39671
0.375866
0.122929
2.47566
2.2331
2.03009
0.21131
1.48112
2.91098
3.18723
2.47237
0.914701
0.797021
3.98486
2.27815
0.362926
3.12278
0.0297861
3.45079
3.3795
0.254402
3.67113
3.31492
0.0472427
1.64727
0.0223395
2.06464
3.95898
3.90234
2.83383
0.703879
1.55315
3.12864
2.58455
0.199713
0.486221
3.07321
0.250374
3.86254
1.48149
3.12143
3.48412
3.54845
3.0997
3.69897
3.84741
0.279305
0.444472
2.29353
2.23981
2.60482
2.7806
0.183355
2.77804
3.88037
0.37196
3.07224
1.42131
1.7044
2.06378
3.74194
0.331797
2.57662
0.00170904
1.96881
0.358654
3.87756
0.901151
0.0238044
0.307505
3.5045
3.56322
1.19584
0.143437
0.144536
3.55675
1.35075
0.031251
3.85168
3.51231
0.10303
3.87194
3.53539
0.426893
0.421278
2.34907
2.00385
2.13031
1.58879
1.10086
3.07871
0.212653
2.56417
0.299692
1.28959
0.331187
2.1175
1.25248
3.03842
2.77877
2.08539
0.479019
3.14731
0.381481
1.10831
0.288583
3.07468
3.60485
2.88217
0.338389
3.87036
0.550188
0.27369
1.18363
3.05417
0.77224
3.06101
1.35356
2.1236
3.33421
0.447157
0.49147
1.73443
0.196539
0.376232
3.91968
1.96588
3.19065
0.260262
3.44261
0.0433363
2.3083
3.79943
3.70019
0.127934
3.91382
3.85522
2.63131
3.64525
3.79492
1.25016
3.3347
3.11985
3.67736
2.5063
1.2913
3.59508
3.94482
0.654805
3.57823
3.3679
0.0155034
2.27461
1.68902
3.93542
3.15378
0.442518
3.70544
3.41929
2.90182
3.15806
3.20969
0.141728
0.458388
1.79302
1.17045
2.37617
3.051
3.85131
0.491836
3.96399
1.46379
2.02326
3.88281
0.272591
3.97851
2.12201
3.67687
2.30158
1.99664
1.40446
2.4333
2.4814
3.41356
3.07981
0.953276
0.230598
0.521867
3.97485
0.252083
3.82507
2.0705
0.597797
3.84619
3.53063
2.26521
1.7177
0.220832
3.82018
0.126225
0.925687
3.07077
0.472549
0.810572
0.92642
2.87497
0.313364
1.16178
2.4687
2.07489
3.30491
0.68862
2.92318
3.9397
1.47575
1.98102
0.614765
0.354015
0.998444
0.687155
0.402722
3.89636
1.84808
0.0308847
1.85748
1.36296
3.26914
2.09479
3.47288
2.28974
3.37962
0.97232
2.79562
2.28388
1.84918
2.4532
2.72689
2.74227
2.80953
1.69121
1.28556
3.76135
0.163457
3.02194
1.4423
3.68529
1.79876
0.375622
1.62432
1.48552
0.739158
3.63036
3.71764
2.23591
3.74743
2.3614
0.864284
3.13694
0.799707
3.68493
3.54466
2.27155
0.573992
2.22675
2.3448
0.444105
3.94446
1.07144
1.18644
0.648213
2.48909
0.427015
3.7716
2.60372
0.771264
2.25153
2.99484
3.76989
0.716453
1.46391
1.26591
3.83642
3.72839
1.39262
3.70104
2.07526
0.186407
3.72204
0.441298
0.43202
0.389416
3.94531
2.43843
3.08628
0.733299
3.94104
1.97247
0.473037
1.98138
3.50572
3.39512
2.45064
1.42045
0.566057
0.631245
1.39726
3.42723
3.55553
0.203986
2.38606
1.13761
1.23344
1.06681
3.07651
0.258675
1.05411
1.15946
2.4687
0.243171
0.383557
1.3162
0.0174566
2.33113
0.402966
0.0126957
0.183233
1.08011
0.177496
3.61412
0.216071
3.45872
1.95721
0.294076
0.121097
2.68429
3.8916
3.55443
1.59355
2.62117
1.0867
0.495254
2.51985
1.47429
3.99158
0.884426
3.07712
0.356822
3.26634
3.47484
0.401379
1.96637
3.4077
1.93048
1.50639
3.06565
1.02029
3.17209
3.63915
3.60729
1.48906
2.96274
1.14481
3.96472
1.58
1.5949
2.50789
1.7824
0.454604
0.812647
0.482315
2.92514
2.8956
0.61623
0.0928983
3.94629
1.02799
3.61473
3.18686
0.114872
2.39082
3.52037
0.273324
3.46947
0.422742
3.46471
0.377087
0.00952177
2.70174
3.9469
1.6231
1.1558
3.94543
3.26804
0.836695
1.2244
2.82186
0.957671
3.15329
3.93384
3.71227
3.48534
3.11045
3.49632
0.0657979
3.73571
1.59185
1.64397
2.89035
3.58544
1.82952
3.56957
2.28889
3.96216
3.93933
2.95798
1.5175
3.84301
1.04691
1.64507
3.53624
1.6607
0.309946
1.69512
0.325816
0.334361
0.856349
0.731712
2.95566
0.515152
3.58336
0.130863
2.7983
0.389538
3.78417
1.79559
2.94833
1.37919
0.153203
1.43181
3.37254
1.67962
0.0317392
1.63128
3.16611
0.938383
3.8269
1.56108
2.70687
1.86871
3.71081
3.79052
0.57326
1.22819
3.89087
2.86544
1.64995
3.51512
2.19074
0.100711
0.615009
3.54735
2.18867
3.8667
0.875393
3.8363
3.5775
1.56035
2.01251
2.53059
3.5034
1.91974
0.193487
2.02863
3.77599
2.24824
3.59886
2.78878
1.91168
0.80105
1.57768
1.63665
3.73669
0.0594501
1.17008
3.52489
0.593768
2.94162
3.50133
0.855251
2.46712
1.46818
3.0809
0.744163
0.57448
2.88595
3.25388
3.79846
2.05817
3.01657
0.740623
1.82073
0.0839869
0.500381
2.8088
1.90106
3.96985
3.24607
0.612079
0.0202643
2.39692
1.62578
0.767724
3.91772
3.28159
1.69158
0.465224
3.84375
3.2949
3.62914
1.34111
2.51607
1.62358
0.391491
3.92041
3.13779
3.84936
1.81133
3.88903
0.182257
0.610736
0.161016
0.755638
3.89135
0.454604
3.99976
0.698996
1.35771
3.08725
0.441053
0.0570086
0.737815
2.27888
3.01608
1.17045
3.61449
0
0.977081
1.67681
2.27436
3.5327
0.873806
1.40068
3.70092
1.24821
1.71734
0.243294
2.49153
1.48759
0.446913
0.2013
3.71764
3.67296
0.935453
3.82263
2.47456
3.68065
1.9057
0.649678
3.32786
3.66747
2.36921
2.78756
3.56981
2.1081
1.52373
3.71325
2.2093
1.6259
3.86316
3.50243
0.213141
1.23991
1.28471
3.18845
0.216071
0.354503
0.0144047
3.06381
3.72362
3.82604
3.26096
1.98614
0.438978
3.56505
0.156133
3.98889
0.534928
1.44328
3.89514
3.61083
0.054445
0.287118
2.92611
3.03122
0.438124
0.345103
2.97238
2.18671
0.326304
2.98361
2.72628
1.64934
3.43162
0.541154
3.24058
3.51805
0.725364
3.44969
1.6939
1.31938
0.0860622
2.33808
1.14408
3.88318
1.65777
1.63909
2.56575
1.16178
1.97601
0.120365
0.404798
0.593402
3.83923
1.15897
1.48076
2.6711
3.65392
0.157598
3.17454
2.00372
0.292367
2.93271
0.613178
0.661397
1.17472
0.398816
1.87286
0.386975
0.513565
3.53929
3.26035
3.8551
1.12931
2.76278
0.269173
0.507462
0.100101
0.773705
3.95447
3.91894
3.12729
1.26713
1.54448
3.97693
0.928007
3.56713
0.10828
0.43495
2.16205
0.0234382
2.77621
3.81701
3.97815
2.09247
2.73507
3.80749
1.94842
3.64098
2.82748
2.10456
2.00507
0.309336
3.73205
3.53697
2.36885
3.54198
0.787988
1.83648
2.53914
1.25651
1.79095
2.0838
3.46141
3.9779
3.78039
2.04621
3.86071
2.39399
3.64782
0.482803
1.52483
2.16535
3.72314
3.64318
2.70382
0.234382
0.622211
0.100711
0.421888
0.153081
3.65404
2.59859
3.18992
2.34223
0.105106
3.43406
3.88855
0.489273
3.94043
1.57915
2.24592
1.07047
0.890042
0.172857
2.59554
3.30784
3.30638
3.68383
2.99265
3.15806
2.45308
2.51912
0.0672628
3.98816
2.17719
3.32615
3.56322
1.88226
0.0609149
0.199103
1.09415
0.0314951
3.73058
0.905423
0.20191
3.39036
0.859157
0.410047
0.306894
0.923612
3.62658
0.631977
3.69213
2.28083
0.34254
0.907132
2.32575
2.51961
0.430799
1.30485
1.54411
1.06619
0.0941191
2.06757
3.87194
1.13834
3.55712
0.393689
0.824244
2.58907
3.5891
1.89239
3.7102
0.720237
3.46898
2.26655
3.83471
3.67199
1.22221
3.85949
2.47542
0.29664
0.28077
2.49336
0.322398
0.72219
3.66234
0.840236
1.66704
1.02261
0.675192
3.37291
0.805933
3.12143
1.82867
2.33613
0.816309
2.13788
0.796777
3.50145
3.80786
0.213507
0.65566
2.47688
1.24638
3.42027
2.7745
0.714255
3.27134
3.41954
0.484268
1.28764
0.265389
1.67669
1.90045
3.75597
0.293832
0.0882595
3.64306
2.13263
3.86169
0.0952177
2.0788
2.49544
2.09455
0.0202643
0.218513
0.15479
2.35151
3.55992
0.0321055
0.418104
0.486709
3.91198
1.39335
0.260628
2.64315
3.96838
3.80322
3.54015
2.69906
3.50853
1.96905
2.57967
3.63256
3.18284
3.35459
0.923978
1.72637
1.12723
0.337168
2.52913
2.49519
0.975372
2.13739
2.04718
1.31132
0.110721
3.95141
0.0623798
0.460952
3.1782
3.90869
1.10587
1.55681
3.54894
1.93353
1.90509
1.78594
1.08426
0.640156
2.93991
1.84576
3.93225
3.96484
0.260628
1.25578
3.80383
2.11542
0.0506607
3.22703
3.52135
2.24934
2.86312
0.576067
2.75082
3.91296
3.56859
3.67907
3.61852
0.408948
0.188849
1.95856
3.52745
3.44627
2.04926
3.74047
1.72845
2.04706
0.392468
3.56896
3.65123
3.85937
1.08219
3.49669
3.30003
3.53771
1.33219
0.0390637
3.63585
0.0410169
0.407971
0.483047
2.25971
2.21577
3.91247
1.66131
3.65368
3.59606
3.27195
1.32035
0.460829
3.2009
0.809473
3.10569
1.76605
1.55864
0.502579
2.78512
2.71456
1.32865
0.474258
0.0158696
1.19327
2.50215
3.11936
0.472671
1.23746
2.89547
0.423597
0.403821
1.163
0.435072
2.15436
2.7944
3.32444
3.67162
2.74581
3.859
3.89196
3.36473
1.7951
2.31404
2.68111
3.72289
1.45231
3.47142
3.59911
0.225837
3.73278
3.97473
3.28562
2.42293
2.97494
3.10178
1.00394
3.91906
2.00909
2.24238
3.66234
1.0159
3.08457
2.83981
0.925443
0.817896
2.06403
1.00955
0.3661
3.57689
2.00372
2.26875
0.225105
3.79162
0.620136
2.87204
1.47136
3.26634
1.11527
0.0869167
0.102176
0.684469
2.88144
0.538957
0.438124
3.17637
0.0295419
0.10242
3.97986
3.24668
0.215217
0.865871
3.41551
0.302377
0.855007
2.33638
0.0706809
0.309458
0.331919
2.49532
1.02762
1.28898
2.00311
3.29844
3.34214
3.34593
0.609394
3.755
0.828761
2.12189
3.0427
3.86596
2.11689
3.52599
1.44829
3.94177
3.98987
2.62728
0.284555
3.54784
0.303232
3.97851
0.865871
1.28129
1.64141
2.62105
0.344493
1.82842
3.78051
0.271249
0.0107425
0.701804
0.504532
0.461684
3.59056
0.0740989
3.42991
2.32099
0.410535
2.93368
0.181646
1.54692
0.298105
3.42369
2.10285
3.61132
0.587909
0.360485
1.74151
1.11686
2.08808
3.56761
3.54613
1.46843
3.74047
3.72033
0.408826
0.201666
0.591449
1.52837
0.605853
3.23679
2.7214
3.62084
2.44685
0.475967
0.229987
0.473281
3.92029
1.5573
0.834986
0.373913
3.74548
0.187628
2.05768
2.79147
2.5461
0.830592
2.15094
0.500626
1.70782
2.8735
0.678488
0.697531
0.332652
1.51701
0.452528
2.27656
3.85388
2.31623
3.10398
1.0983
2.33992
1.3997
0.304453
0.261483
3.84216
0.538102
0.563494
2.15766
1.45952
0.92581
1.3975
3.34275
0.204352
2.84152
2.33699
3.34165
0.0518815
1.76116
3.62194
1.68218
0.340831
2.31501
0.388195
2.81466
3.69457
1.26762
2.70003
0.579119
0.325816
3.76244
3.43785
2.50362
1.0109
3.78942
0.00573748
2.7452
1.53447
1.61162
0.308481
3.77807
2.50642
2.58589
0.0600604
0.455702
2.26215
1.41447
1.30692
0.612323
3.18857
0.30665
3.6361
0.478896
3.56908
3.54466
3.85803
1.42521
0.0501724
2.29231
3.51134
0.340831
1.42094
1.68157
3.0267
0.464858
0.401746
3.57689
2.47627
0.0920438
2.27522
2.31941
0.360607
1.73272
0.353038
3.54784
3.78393
0.587542
1.67901
1.66765
2.76595
0.926786
3.00131
2.57698
2.29572
0.399792
1.18412
3.32151
3.85644
2.62691
1.98968
0.0881375
0.17774
1.36125
2.26264
2.89291
3.81701
0.275277
3.18406
0.0568865
2.67769
3.83923
0.679708
2.63228
2.99448
1.93548
3.48997
0.531388
3.62877
0.146123
2.97336
3.58446
3.52782
0.188971
0.229987
2.51997
3.93213
1.9566
2.72335
2.92221
1.9201
1.41032
0.170415
0.0383312
2.21857
1.75408
3.21848
3.43175
3.88672
2.18244
1.22025
0.179083
2.25849
1.40593
2.14875
2.09503
1.25944
2.53023
0.0301523
1.78619
3.42479
2.66903
0.352428
0.0112308
3.51378
3.68615
2.0683
0.850246
3.49168
2.93368
0.95291
0.635273
3.95093
2.2143
0.590106
3.52696
1.07291
0.733055
1.09806
2.29853
3.16697
1.05692
0.674703
0.466689
1.56951
3.32737
2.37275
3.32188
3.86267
1.24393
2.94028
3.35435
2.77999
0.25782
0.0186773
3.35533
3.00241
1.7796
0.288949
0.694235
3.41282
0.536882
2.08808
1.66301
1.60796
3.57213
0.868068
3.65856
2.30561
0.44203
1.1243
2.11664
0.0136723
3.07541
3.66784
0.757469
3.65819
3.3762
0.657857
0.212043
3.26121
0.32728
3.72179
3.76757
0.786645
1.59771
0.917386
0.360363
0.492935
2.49422
1.40275
1.45366
3.04587
0.0457778
3.37254
0.690939
2.98886
1.68377
0.289682
3.51402
1.45805
0.156499
3.98096
0.463393
0.042848
3.93384
0.722922
2.82321
0.0383312
3.62877
0.209723
2.77291
3.60216
0.467299
1.22465
1.19205
1.64629
1.98529
0.932646
1.28727
2.87289
1.27641
3.16135
2.4659
0.259407
2.76009
3.50743
3.54698
0.396374
2.63167
1.84588
1.66655
1.35783
3.71203
3.60765
3.69054
3.41429
1.87152
0.364757
0.855373
0.2013
3.45152
2.57515
2.80941
0.10535
3.85656
0.91287
3.32029
0.455336
1.73797
3.14548
3.62951
2.0611
0.0186773
1.95892
1.11759
2.21174
2.56661
0.146977
0.279427
1.6939
3.42991
0.0783715
3.12558
2.11811
0.290048
0.182745
0.961211
2.48921
0.0128178
0.052736
1.5468
1.42375
2.3918
2.72958
1.5009
2.81832
2.86386
0.355113
3.59716
0.263314
1.78216
0.790429
1.98688
0.0903348
2.54439
1.60381
1.29264
2.3852
0.468764
3.71667
0.0625019
1.63066
1.42155
0.471206
2.82479
1.53508
3.51012
3.416
0.762597
3.76611
1.01785
2.66549
0.439833
0.563982
3.45921
2.23139
0.331797
2.85165
2.93405
0.27308
1.1973
3.25596
2.72115
1.1475
3.09091
3.96667
1.60002
3.58592
0.0233161
2.22578
3.65526
0.148442
0.729759
0.317148
3.62584
1.38224
1.89386
0.846828
0.150273
3.24339
0.153569
0.157964
1.74554
0.545671
1.38237
3.74438
1.49321
3.83117
2.4073
0.297006
2.27387
3.43309
3.22935
3.78295
2.52229
1.37346
0.328013
0.202155
0.129521
3.729
1.87677
3.48424
2.17951
0.341075
0.176031
1.06131
2.87338
3.01328
0.60097
0.645894
0.183966
3.88256
1.38652
2.51985
3.85913
1.05667
2.15729
1.02261
1.23673
3.45689
2.82772
1.39213
0.391125
1.57427
0.714621
0.295175
0.396985
0.439344
1.64495
2.29572
1.00089
3.01083
2.63045
0.861965
0.488052
1.18033
0.0678732
1.24357
3.89306
2.87521
0.596454
1.78008
2.67953
3.26731
2.17255
0.803613
3.61864
1.21488
2.63082
1.81829
1.77764
2.37434
3.96387
0.271981
1.71868
0.302622
3.28513
2.42683
2.28816
3.53148
1.63713
0.367321
1.01956
3.0383
0.425794
0.321299
3.05478
2.09406
2.91159
0.853908
0.983062
2.49544
2.2989
0.133305
3.52904
0.401746
0.961699
3.36326
0.371838
0.276498
0.185797
3.95972
3.52721
2.69027
2.42476
0.258187
3.66185
0.120365
0.402722
0.106449
3.17051
3.71142
3.78478
2.37178
2.206
0.687033
3.30662
3.32249
0.378063
3.73424
0.400403
3.68957
3.82946
3.25816
1.96283
2.86312
0.221076
1.76666
3.74377
0.474746
3.72204
2.46248
1.12259
3.67052
3.8236
0.0982696
3.65538
1.1514
0.041139
0.156377
0.882473
3.416
2.21955
3.61718
2.95248
1.48491
0.162847
2.63558
0.22718
1.721
3.45384
0.753685
2.58419
0.490127
2.31086
3.59996
1.50639
0.925321
2.20637
1.79937
2.78475
2.44038
3.87951
1.22721
1.34623
3.88989
1.52556
0.734275
3.02121
0.575701
3.23777
1.32841
3.23313
3.11753
2.04486
1.1232
3.80432
2.85287
3.91296
3.95752
2.11164
3.37339
0.653706
0.367687
2.16083
3.58043
2.347
3.3242
3.51158
0.372448
3.06674
0.965117
1.08316
2.51814
2.66378
2.57991
1.47795
2.87765
2.9006
1.27458
3.64745
1.7105
3.41136
1.80169
1.08231
0.65566
3.81945
1.80548
0.0434584
1.22904
1.1785
3.83044
2.45918
1.39775
2.87704
1.11747
0.391736
2.74276
3.84912
1.47929
2.47823
3.80395
1.26298
3.88086
3.55919
2.02777
3.74487
2.05963
3.19797
2.19538
2.09687
0.796167
2.75472
3.8717
0.403699
1.68975
2.86508
3.8573
0.148442
2.95419
2.00543
2.93661
3.93481
0.995514
3.61779
1.25199
2.8453
0.281747
2.7347
1.7011
0.497818
0.124027
3.90014
3.83776
0.746971
2.51985
3.51708
3.5869
1.59587
0.235969
3.08701
3.66649
3.30894
0.713523
2.48054
2.4969
3.17209
0.326914
2.6628
1.32304
0.351451
0.755272
0.29725
3.15867
3.66478
2.61739
3.56725
1.90973
3.15
3.86645
1.57488
1.58818
3.65587
3.83081
2.58724
2.41572
3.57518
1.97467
0.0240486
0.0611591
0.215949
2.8442
0.620136
1.46709
0.751244
2.99863
3.92749
0.568865
0.154302
2.32099
2.28742
0.709494
1.66314
2.39863
0.290658
3.78735
0.46559
1.59294
3.11557
2.84896
3.48216
3.36802
0.0396741
3.51817
0.140019
0.870388
3.51219
3.79577
3.61266
0.294443
1.08719
3.74914
0.396863
1.4998
3.52037
2.62166
0.0283212
1.13004
3.70763
3.81469
3.6693
3.17038
1.2288
0.0853298
1.27836
0.0161138
0.00366222
3.86938
1.07901
3.04965
0.296152
3.86901
3.82812
2.50496
0.0897244
1.88629
1.61821
1.16959
3.82311
1.06168
2.69393
0.128544
1.26518
1.15311
3.83764
0.12598
1.89434
0.494522
3.33811
1.29325
2.6733
3.75842
1.56706
1.28617
1.19742
1.07535
2.16694
3.78991
1.89337
1.48759
2.21967
1.05545
2.62191
3.69018
3.03623
0.813013
3.65392
0.878811
2.96725
0.595965
2.15217
3.90051
3.03769
3.25022
0.573504
0.0563982
1.94818
3.3961
1.86908
3.87683
2.14252
0.980499
3.12302
2.32466
2.56148
2.81234
3.88061
2.91635
2.37544
3.74963
0.0648213
2.29182
2.2635
0.125004
0.0242927
1.2974
0.294687
3.61669
2.27119
3.74279
0.104495
0.00341807
1.30265
0.269662
1.61919
0.0510269
0.872341
0.397229
1.55486
3.76476
3.78295
3.71435
3.22886
2.53865
2.08576
3.60387
3.50316
0.399915
2.70821
2.25214
0.83462
3.9613
2.91025
1.14786
2.72652
1.54106
0.031251
3.57958
1.13028
0.328257
1.05081
2.03046
1.10062
3.60765
1.96893
0.216437
1.19144
2.47188
2.65535
2.70272
0.0783715
3.52538
0.7781
3.89221
0.360851
1.57671
2.63741
1.50481
3.59801
0.529557
3.39512
0.278329
3.87378
0.896146
0.127689
3.98975
0.384289
0.440565
0.423841
0.116581
1.27958
1.94354
0.956938
0.810572
0.608051
2.86947
3.63915
1.92535
0.498062
3.23081
2.93722
1.26456
3.61974
0.142582
3.7882
0.499283
3.25144
3.75243
3.3889
1.72625
1.01199
0.717673
3.55419
1.29557
3.98682
1.29582
0.0510269
3.92444
0.608295
1.66167
1.74517
1.29386
1.20743
1.22355
0.242073
3.87182
3.29514
3.05527
3.50523
0.448134
2.33271
0.665914
0.289926
0.91702
3.51256
3.93701
0.464003
1.84686
0.920682
0.758934
3.74596
1.67608
0.453993
1.33415
2.04926
2.83077
3.8319
0.670675
1.95965
3.71972
0.182012
1.73577
0.638936
0.919828
3.78686
1.09635
0.571917
0.176153
3.42601
0.943754
0.281869
3.96399
3.31675
2.03912
2.05768
0.750267
1.85028
1.82232
1.27103
0.695456
2.55708
0.99002
2.30488
0.430311
3.83105
2.26753
3.88122
3.52245
0.523942
2.17341
2.15632
2.77853
0.209235
3.64574
1.77349
2.06659
3.18039
0.333384
1.1381
2.6158
3.55101
0.334727
3.46312
3.17405
1.70305
3.94848
1.88421
3.70006
1.03226
0.696799
2.92563
3.95727
1.14518
1.4312
3.51866
2.76339
1.35954
0.658467
0.255379
0.434584
0.0719016
2.58235
2.67269
1.07364
3.69579
0.676901
3.28465
2.26203
0.148198
1.99066
2.01251
1.05692
1.10111
0.198737
0.20191
2.27094
1.65496
0.196173
0.604022
1.49004
2.91964
3.53246
0.683615
3.82104
1.31339
2.28291
0.00488296
1.23771
1.6574
1.68816
0.509659
0.744285
1.96942
2.75179
1.40739
2.86752
0.516129
1.76983
0.351695
2.86056
1.18033
3.31101
1.04959
2.00714
3.35411
2.43635
0.335459
0.489029
2.18464
3.16269
1.44584
1.45805
0.00549333
1.02322
0.72927
1.43437
2.64827
1.55986
3.06577
0.720237
2.04291
1.47685
3.71813
0.772851
3.60533
3.01608
0.451674
0.496597
0.345714
1.44316
1.54424
2.37458
2.55647
3.63329
2.69698
2.39631
3.95508
1.01614
3.62194
0.457167
0.0543229
3.85876
2.14801
1.77349
0.534318
3.5659
2.91379
0.147465
3.67992
3.94763
2.8287
2.14716
1.7387
0.887967
3.39256
0.355968
1.8731
1.76849
3.55028
0.845607
3.73571
1.83526
0.684347
0.384289
3.81042
0.356212
1.47673
2.24873
0.592669
1.03641
3.99634
1.12406
3.86535
0.0540788
0.242195
0.120975
2.20905
3.73193
0.395276
3.59618
0.822901
3.29209
2.0578
3.50572
0.453749
1.17899
0.398816
0.580584
0.690451
2.71175
3.0809
1.22477
1.78777
3.98596
0.469253
1.66326
1.23173
1.15445
3.25901
3.79308
2.70504
0.6133
2.80453
3.50682
1.69646
0.265633
1.61907
3.97449
3.62926
0.00366222
1.12601
2.87912
2.30378
0.982574
3.93921
1.44011
0.363536
3.84362
3.83654
3.5775
0.424696
2.61776
1.85614
2.02838
3.92907
1.51567
1.19999
1.69781
3.90039
0.126102
3.06137
0.725608
3.09384
0.897244
1.48662
3.83898
1.45805
0.182745
0.0299081
3.10764
3.75268
2.15949
2.10358
1.98444
0.22071
0.11951
0.688253
0.886258
2.37849
2.37849