-440
-456
-456
-456
-472
-488
-488
-504
-492
-488
-488
-488
-496
-496
-500
-512
-516
-516
-516
-520
-516
-528
-512
-512
-512
-512
-520
-520
-520
-504
-520
-504
-496
-496
-488
-480
-480
-464
-464
-484
-484
-496
-496
-500
-508
-520
-540
-564
-560
-568
-552
-572
-560
-560
-560
-560
-588
-604
-608
-596
-592
-596
-600
-608
-616
-612
-604
-608
-612
-612
-600
-604
-592
-600
-600
-608
-608
-624
-624
-632
-652
-656
-644
-640
-652
-656
-656
-668
-664
-656
-676
-680
-704
-704
-712
-704
-712
-720
-712
-704
-704