-0.919634 1.38186
1.60994 -0.0809503
0.48466 0.0970844
0.372106 1.08583
0.597454 1.67098
-1.09792 -0.866213
0.719236 -0.638713
-0.841577 -0.205929
0.683071 1.12547
1.24052 2.3264
-1.11105 0.0987933
-0.0901733 -0.598975
0.324755 1.12406
1.30963 -1.1884
0.907506 0.36273
-0.958636 -0.306032
1.62317 -0.129754
-0.77416 -0.266088
0.834359 0.554519
-0.429408 0.527066
0.76767 0.984123
-0.591457 0.375743
-0.803845 0.553905
0.6191 1.24069
0.649986 1.15417
-1.09547 -0.0976198
0.414289 -0.603146
-1.13844 0.596654
0.951688 -0.540833
0.419446 -1.30161
-0.750799 -0.801301
-0.0725238 0.439825
0.0313336 -0.78994
-0.0782328 -1.85128
-0.288778 1.75972
-0.972895 -1.29907
-0.427846 1.00805
-0.810416 -1.23513
0.196434 0.438868
0.59126 -2.16756
0.90812 -0.92788
-0.470217 -0.381932
0.377107 -0.661
-1.35704 -0.313364
-0.682517 0.625453
2.54972 -0.675189
-0.447688 -0.370524
0.167825 0.184251
1.49281 0.930577
-1.3094 -0.29444
-0.00504253 0.145833
-0.0482266 -1.03745
0.348814 -0.95758
-1.73736 0.922896
1.20298 -0.501283
-0.406721 -0.107829
0.379022 -1.32618
-0.719266 0.676075
1.27993 -0.409277
-1.05845 0.368574
-0.121944 0.680093
0.617277 -0.534973
0.956188 0.270157
-0.895038 0.132683
-0.119063 -0.0644817
0.734666 -1.99422
-0.790799 0.896623
-0.0773739 -0.562998
0.933206 -0.896752
-0.645189 -1.44853
1.24647 0.304372
1.186 -0.117733
-0.315394 -0.241652
-0.559778 -0.869773
-0.336053 0.399485
1.56476 -0.589182
-0.864661 0.321697
3.03182 0.279845
-1.29451 -1.40516
1.34026 0.660222
2.30985 -0.322751
-0.16775 0.264082
-1.05171 -0.699991
0.763701 0.523332
0.926926 -0.324071
-0.3064 0.591296
-1.44202 -0.127666
0.425931 0.266308
0.913995 0.989641
0.548015 1.21996
0.858244 -0.791499
0.293677 1.45055
0.621078 -0.660438
-0.527654 -1.16655
-0.340142 -2.5967
0.610613 0.39793
0.68189 1.79972
0.474096 -0.899869
-0.5114 -0.307133
-0.131769 -2.59826
-1.14375 -0.643178
0.51947 0.648074
0.622919 0.199056
0.126841 0.959041
-0.290636 0.345495
-0.67827 -0.459363
0.504025 -0.0495461
1.5795 -1.60646
-0.0844063 -0.310489
0.773946 0.870929
-0.122911 0.170162
1.26534 1.05565
-0.187139 0.820636
0.60671 -0.698494
-0.371733 -0.475324
1.13067 -0.210969
-0.587131 -0.0391811
0.0731145 -0.132249
0.885696 -0.0875791
0.31213 0.717927
-1.599 0.688184
-1.99972 0.73006
0.213478 -0.658135
1.47195 -0.863973
-0.103998 1.4163
-0.875536 -0.12054
0.127555 0.204033
0.840879 0.715871
-0.55044 0.0790116
0.802174 -0.245362
-0.0876024 -0.578881
-2.21931 0.119912
-0.768636 -0.697623
1.02059 -0.0379836
-1.07041 2.43074
0.540701 0.671653
-0.308212 -0.429817
0.755651 1.81857
1.27459 1.10764
0.120485 -2.84466
1.21161 -0.0488157
1.12787 -0.798905
-1.77917 0.125585
-0.591156 0.0517655
0.736499 0.924631
-1.54321 -0.0279672
-1.13236 0.405546
-1.58672 0.868801
2.09684 -0.809328
0.787697 1.00304
-0.602009 -1.75834
-0.446416 -1.21214
-2.14878 0.521429
0.551056 1.29248
-0.831967 0.904472
0.431069 2.00623
-1.03019 -0.139016
0.187632 2.57216
-0.865678 2.04071
0.612036 0.108137
0.690273 -1.60534
0.107623 -0.197432
0.906257 0.441687
-0.132736 0.709684
-0.524043 -1.09368
-0.425966 -1.23335
-0.877241 0.359737
0.728693 -1.17108
-0.614567 0.0820909
-0.404558 -1.50641
-0.207108 -0.334771
-0.830203 -0.103126
-0.640408 -0.59505
-2.73069 1.95277
-0.249228 1.6555
0.859386 -0.344069
0.629851 1.35054
1.00865 1.45944
-1.62718 -0.345955
1.78042 -0.0293632
0.384839 0.846699
1.3355 -0.201513
-1.95303 -0.0402645
1.28889 -0.1507
-0.731496 0.150984
1.23888 -0.592377
-0.0114773 -1.6068
-0.408366 1.30353
0.237425 1.14337
0.482523 0.832005
-0.587312 -0.955058
0.168151 -0.310876
0.4625 0.274337
-0.991383 -0.755374
-0.703001 0.436828
1.20211 -0.775872
1.80796 -0.468761
0.444826 1.75472
-0.897026 -0.0846195
0.369326 -0.163378
-0.955812 1.30001
1.95289 -0.934241
1.30033 0.337144
-1.33924 -0.852242
-0.967544 0.676879
0.363124 1.68843
-2.64399 1.26081
-0.173628 -0.690193
-1.03376 -0.192784
0.440913 1.86011
1.14844 -0.407952
0.0309249 -1.06951
-0.637789 -1.27478
-0.985848 -0.224467
0.0110497 -1.41407
0.748175 -0.456095
0.318334 1.16701
-0.207382 -0.57809
-1.0438 -0.794366
0.186682 -0.29696
-0.542635 0.305831
1.47791 1.7765
0.0990482 0.213342
0.812048 0.028819
-0.186147 -0.338309
0.734702 -0.392358
1.60236 0.317463
-0.405708 -0.892388
0.976563 1.39578
1.3857 -0.0582253
0.564889 0.741014
-3.66377 -1.00751
-0.25211 1.74268
0.187996 0.17872
0.487722 0.786503
1.07987 -0.826238
-0.736997 -1.21197
-1.21141 0.55953
0.181023 0.382206
-0.659448 -0.171451
0.894108 -1.89342
-1.09819 -0.576366
0.608497 3.12234
0.0228643 0.686008
-0.750784 0.831123
-1.57735 -0.316438
-0.52456 1.99286
0.570754 -0.752293
2.74246 -1.12493
0.544029 0.0201429
0.790481 0.533261
1.91929 0.205404
-0.283537 -0.748559
-1.23426 0.0617046
-0.599369 0.890962
-1.13543 -0.356244
-2.48847 0.814967
0.664085 -0.308818
-0.110092 -0.543505
-0.521513 0.368129
-0.769962 0.239794
0.215403 0.00603199
-0.896094 0.409105
-0.118174 0.601768
0.00853501 -1.95649
0.568136 0.207601
-1.85317 0.763682
1.21155 -1.37447
0.344774 1.69291
-0.901718 -0.95684
0.00125363 0.556401
-0.343274 -0.612979
0.61219 1.38983
-0.26609 -0.330729
-1.4201 1.15166
-0.454324 -0.0587367
-0.0659412 -0.193569
0.89184 1.69042
-1.80403 0.319636
-0.805489 -1.42168
-0.865799 0.514344
1.40333 -1.27442
1.50298 -1.34558
-0.378308 -0.0216775
0.353944 0.285188
1.21269 0.460337
0.201846 0.20711
2.07121 -0.712568
0.523643 -1.44875
-0.305741 1.81939
0.0631505 -1.02867
-0.563242 0.586758
-1.69618 -0.554775
-0.359974 -1.18398
2.09804 -0.386059
-0.175862 2.09257
0.561533 -2.17651
2.06853 0.0622925
0.119772 -0.610836
-1.38925 0.711208
-0.870111 0.755118
0.778063 -0.595554
1.09528 -1.25951
0.773155 -1.29227
-0.0221393 2.34423
-0.21993 0.609023
0.535701 -0.00236263
0.882908 0.99585
-2.26275 -1.92
0.580913 1.03059
0.348728 0.444941
-0.568695 -3.21063
2.69317 -2.1311
0.244494 -0.350735
0.640244 0.713004
-0.912044 0.0380601
0.115576 1.10241
1.08543 1.99301
1.50412 0.0369253
0.20602 0.545644
-1.03826 -0.944157
2.42988 1.90463
2.28789 -0.856959
-0.800562 0.632609
-0.487829 -0.599242
0.578286 0.17943
1.29138 -1.49251
1.92434 1.50124
0.924744 -0.696923
-0.0500414 -0.765898
-1.45132 -1.0953
0.534299 0.00983667
1.85834 -0.163267
0.211641 -0.49719
-0.00118412 -0.063491
-0.236329 1.16328
0.44741 0.646837
0.300375 -0.07225
1.20838 0.661794
0.933092 1.12423
-1.19882 -0.414364
-0.405509 -2.81446
-0.253676 -0.383406
0.460936 -0.427549
0.845128 0.902148
0.623547 -0.342275
-1.43106 -0.0533978
-1.02369 -1.36417
0.966499 1.12529
-1.51364 -2.55154
1.45325 -0.477941
0.159991 -1.02985
-0.153744 1.41289
0.626412 0.271521
-1.38045 -0.49619
0.224666 -1.75031
-0.394881 0.223155
-1.06715 0.01279
-0.413784 -1.56835
1.27057 -0.673841
1.12571 0.597018
-1.94875 -0.3925
0.715604 -1.62208
-1.08946 -0.190014
-0.479485 0.802646
-1.12213 0.230717
0.823551 0.808877
-0.0086893 -0.507681
-1.77191 -0.239105
-0.94244 -0.0616214
0.490116 0.89136
1.49347 0.931381
-0.986686 0.226449
-0.266812 -0.10266
0.631355 -0.763661
-1.89336 -0.116142
-0.564026 0.524481
-0.268909 -0.264879
1.36374 2.24214
1.46684 2.00108
-0.938133 0.802553
1.01751 -1.02933
-2.07597 0.849451
-0.388929 -0.873646
-0.295505 -0.337259
-0.32707 0.987955
-1.78414 1.61868
-0.202143 0.564166
0.678956 0.342423
0.923119 0.0730808
-0.904425 -0.718634
-0.820798 1.50745
0.726065 -1.18757
0.997802 1.41686
0.725379 -1.26976
-1.10591 0.554698
-0.0123832 0.536943
-1.18794 0.460481
-0.166485 -0.821909
-1.06694 0.188828
-0.576196 0.0531286
-0.505531 0.738254
-0.208344 0.554856
2.52342 0.552963
0.383397 -1.54469
1.63404 -1.71834
0.573728 0.432211
-0.104683 0.0174316
-1.79488 1.28616
2.42201 -0.314779
0.0555691 -0.519473
-0.064707 -0.13008
0.905968 0.310713
-0.564549 -0.620879
-1.47519 0.533439
-0.514234 0.329598
1.6406 1.23988
-0.377609 0.0980209
-0.358426 -1.53638
-0.521435 1.61651
-0.189578 0.545514
0.999335 0.327173
0.736933 1.11311
-1.3038 0.500508
0.624363 1.37438
0.920014 -0.940033
-0.976218 -0.418596
-1.12346 -1.1411
1.50213 0.575817
1.5086 -3.3023
0.00756624 -0.220659
0.697612 2.00429
-0.492545 -0.991588
-0.964678 1.10226
0.276392 0.0497636
-1.46245 -0.27128
-0.637659 0.120942
-0.762066 0.773735
0.0851215 0.900041
0.476083 0.561887
-1.57377 0.545652
-1.53111 -0.0818443
-1.00133 0.127895
-1.04391 0.692489
-0.852967 -2.69192
-0.279953 1.82861
-2.00271 0.737248
1.09925 -0.414624
-0.896644 -0.295554
-0.196702 -0.476868
-0.480996 0.820465
-0.82034 -0.311131
-0.489541 1.56896
-1.35643 -0.643001
-0.116222 0.0308123
2.33154 -2.34601
-0.536866 -0.491223
-0.895229 0.194825
-1.27716 0.662815
-1.92578 -0.706835
-0.589496 -0.267765
0.995841 2.21917
1.63898 -0.420925
0.528866 0.848124
0.135787 0.889792
1.22251 -0.285635
-1.05388 1.11273
-1.45827 -1.47833
0.0553342 -0.0172622
-0.299874 1.82953
-1.80563 -1.42457
-0.884888 0.963857
-0.18223 1.19336
0.152673 1.38453
1.25216 -0.29079
1.46137 0.164905
-1.2366 0.882166
-0.914923 -1.01127
-1.58888 1.00811
0.178434 -1.20167
-0.651135 0.79392
-0.146513 -0.159588
-1.7711 -0.366271
-0.268191 0.246716
0.0166837 -1.0909
1.35594 0.27432
0.517986 0.439269
-0.0276858 -0.637753
0.470568 0.652392
0.43026 1.37295
-0.392791 0.798821
0.587614 0.737134
0.339032 0.248943
-0.216964 -0.201752
-0.428654 -0.158639
0.741582 0.58289
0.191301 -2.14557
1.49045 0.374261
0.550386 -0.577008
0.315777 -0.304959
0.845201 1.71432
-0.423853 1.8311
1.46904 0.649519
-1.26588 -0.234567
0.717567 0.852181
-0.600164 -1.14101
-1.55734 1.45039
-1.0097 -2.44118
-0.146009 -0.810724
1.2076 0.332952
0.38174 -0.839882
1.7111 -1.37654
-0.856469 0.544792
-1.47765 0.603637
0.891555 0.604186
-1.44644 -0.72793
0.438193 -0.533343
-0.606163 0.480317
0.12176 0.563001
-1.49448 -2.44494
-0.192434 0.838659
0.768089 -1.02827
-0.0559234 -0.107016
0.0835723 -0.193848
-1.11867 0.173734
-0.252859 -1.01584
-0.0639934 0.524415
-0.209863 1.56483
-1.55296 0.826473
0.845914 -0.0637052
-0.977914 -0.439003
-0.416127 0.684899
-1.77002 -1.11212
-1.22928 -1.06724
2.3096 -0.523775
-0.750776 0.0651626
0.257886 -0.862146
1.15286 -1.56079
-0.492629 0.392511
1.09132 0.727411
-0.0572064 -0.459272
-0.112832 0.183245
-1.10849 -1.37507
0.458369 -1.8377
0.597431 0.343617
0.0337647 -1.48256
-0.221645 0.57515
-1.17017 0.479338
-0.429857 1.0359
0.376347 0.328321
-0.598358 0.630561
-0.0141254 -1.52667
0.878778 0.166412
-0.558202 -1.37641
-1.20613 1.02622
-0.714726 0.00308367
2.21589 0.142112
-1.54606 -0.425473
-0.483368 0.97358
-1.62227 1.22431
0.237637 -0.426933
-0.105956 -0.377996
0.910097 -0.0254857
-2.083 -0.769073
1.27946 1.3923
0.827042 -0.170788
0.483894 0.671409
-0.48558 -0.374863
-0.973276 -0.0176384
-0.203392 0.815108
0.802476 1.31085
-0.373034 0.225106
2.34797 -0.0634981
1.38471 -1.85748
-0.0300181 0.0376785
-2.44896 0.72934
-0.0425585 0.683602
-0.294478 -1.81184
0.993474 -0.249468
0.125972 -0.759881
-0.192903 0.533541
0.387969 0.55724
-0.659107 -1.30859
-0.330561 -0.294518
1.44884 -1.22771
-0.290567 0.0314631
1.99686 -1.91886
-1.32918 -1.31681
-1.11606 -0.16501
-0.136926 -0.402955
-0.511316 0.191017
-0.27665 -1.66978
0.854373 0.81222
-0.577188 -0.371982
0.492852 1.32839
-2.77771 -1.72969
0.026902 1.98284
-1.65608 -0.614698
3.11644 -0.508814
-0.0023016 -0.979827
0.913844 0.0824064
0.738691 0.034587
-0.414652 0.558344
-0.632768 1.23442
-0.400217 -0.240777
-1.28102 0.713597
0.815472 -0.336875
-0.802918 0.777945
-0.342022 0.713449
1.3796 -0.0264576
-0.169378 0.2718
0.319609 -0.260977
-1.50837 -0.294183
0.273339 -0.05312
-0.177773 -1.43846
-0.849894 0.79978
1.24776 -1.38528
-0.772716 -0.0297229
1.75904 0.652342
0.46922 0.426115
-0.777009 1.34602
-0.0377915 0.568359
1.08179 -1.42814
1.78214 -0.0920076
0.350369 -0.182559
-0.999224 -0.245114
-0.363201 -1.07358
3.50274 -0.293529
1.06982 -0.992331
2.21457 1.40063
-0.37081 1.66279
-0.23742 1.01858
-0.978319 -0.591131
-1.15807 -0.208622
0.160018 0.154774
1.70382 0.0715923
0.932624 0.44002
-0.308597 0.31501
0.84685 -1.04537
-0.149677 -0.0484475
1.01794 1.35895
-0.0367733 -0.179596
0.153168 1.17193
-1.44673 -0.860956
0.110669 0.244232
-1.39202 -0.192192
-0.51196 -0.577339
-0.847806 -1.26078
-1.75005 0.317692
-0.983303 -0.187476
-0.903177 1.52648
-0.474173 0.316648
-0.0781847 1.47995
0.129032 -0.298977
-0.213112 1.19249
-1.99606 0.775051
-0.754556 0.81059
1.92874 -0.700165
-1.15173 -0.346372
0.712236 -2.05137
-1.00363 0.162577
0.0738996 -0.445772
-1.69938 0.769548
0.792941 0.438032
1.22034 -0.191083
0.711472 -0.728628
1.40582 1.62982
0.948056 1.07846
-0.615657 -0.0620099
-1.33066 -0.419741
0.49427 0.330273
-1.67488 0.417332
0.939824 0.886959
-1.10782 -0.237532
1.30482 -0.719168
0.63272 1.02735
1.31642 -0.39604
-0.140534 1.14799
2.416 -0.187539
-2.37181 -0.920428
-0.429163 -1.59437
0.103346 -0.199861
-1.51466 -1.53021
-0.374205 0.209205
-1.69884 -1.53714
-0.998294 0.362073
1.97696 -0.744389
0.439562 -1.07117
1.46068 0.916
-0.234086 -0.833864
-0.354581 2.16851
-0.562138 -0.360911
1.7412 -0.313499
-1.07763 2.12632
-0.210051 2.07449
-1.49288 0.0327827
-1.54211 0.651116
-1.60624 -0.67276
-0.483542 -0.180641
1.50813 -1.26706
-0.666265 0.033565
-0.0977725 0.531774
1.4683 1.35359
0.839728 0.623559
0.233113 0.219157
-1.97533 -1.26555
0.818934 2.37779
-0.391119 0.202696
0.912708 0.219351
0.672929 1.24467
1.16789 -0.973589
-0.140785 -0.478166
0.53215 0.304443
0.363999 0.619126
-0.820896 1.27711
-1.69831 -0.973117
0.176614 1.24182
-0.106013 -1.04901
-0.121411 -0.0583823
-0.64554 0.954054
0.322757 1.40108
0.412711 2.18687
0.770867 -0.404292
-1.63433 1.15037
0.0291864 -0.0663644
1.59906 -0.583264
0.398764 0.456431
-0.916041 0.663612
-0.315632 -2.06696
-1.80529 -1.69427
1.0885 0.315894
1.12804 -0.405829
1.63626 0.726829
-0.17201 0.127858
0.246957 -0.162699
0.496412 -0.121924
-0.422393 -0.0742543
-1.91759 -0.435453
-0.459704 0.643682
-0.734332 -1.4072
1.08644 1.12638
-0.512389 -1.20467
2.19704 -0.88011
0.287104 1.05173
-0.315932 -0.232588
0.558536 -1.1875
-0.475928 0.381297
0.825456 -1.6001
-0.338877 0.220426
0.158395 -1.49426
-0.851148 0.715234
0.158265 -0.843943
-0.461684 0.464281
-0.735122 0.666691
2.04741 0.331053
0.246889 -0.947175
1.52887 -0.489526
-0.499992 0.74447
0.764597 -0.625066
0.451635 0.679625
0.516615 0.372671
-1.52652 -0.661158
0.0591063 -0.717309
-0.699627 0.0807827
0.622466 -1.63154
0.0361263 0.611474
1.14358 -0.498299
1.236 0.246603
0.0536044 0.325671
-0.631845 -0.058382
0.0655581 0.105268
-0.115375 -0.494122
-1.17101 0.664726
0.128842 -0.886404
0.120949 1.49586
-0.673239 -1.52092
0.290163 -2.4341
-0.530532 -0.214003
0.737271 1.95607
-1.58021 -0.812794
1.32129 -0.187722
0.613037 0.629507
0.666517 0.622533
-1.27493 1.60976
-0.0881716 -0.282397
-1.96011 -1.24787
-0.577045 -0.543228
0.579484 -1.51452
0.232694 -0.500952
-0.229748 -2.14968
1.2361 -1.14261
-0.385488 -0.416351
-0.383579 0.916922
-1.02372 0.56334
-0.42266 0.431774
0.187579 0.377178
0.240817 -1.08526
-1.68649 -2.03633
0.703596 1.38139
0.633693 -1.90985
-1.55991 -0.989309
0.437535 0.852951
0.358404 -0.190343
0.710411 -1.02078
-0.897381 -0.658793
0.797171 -0.650421
-0.700309 0.637816
0.0119749 0.870319
-1.49771 -0.97952
-0.652682 -1.03011
-1.14441 -1.65011
0.0400142 -0.637803
-0.0337071 1.42597
2.67528 -1.97151
0.736499 -0.0539031
0.559565 -1.26444
0.404477 -0.773833
-0.051334 -0.754542
0.0513875 1.40429
1.00821 0.049338
-1.56621 1.77924
0.319874 -0.679071
3.64745 -1.026
0.517761 1.27916
-1.20249 -1.16599
-0.0483606 -0.17076
1.26149 0.304966
0.42012 1.52976
-1.32077 -0.572344
0.775681 -0.363793
0.7533 0.571348
-0.112716 1.66621
-1.68092 -0.0669174
-0.501522 -0.809624
-1.82146 1.02199
1.10701 -1.09314
0.506131 -0.538414
1.88474 -0.0086738
-2.5395 0.406374
-2.3697 -0.229045
-0.439867 -0.230318
1.32025 -1.11094
0.548311 1.31389
0.658221 -1.77203
0.771061 0.279407
-0.966424 -1.66234
-0.142624 -0.741294
-0.865063 0.639161
1.0387 -0.977644
0.185823 1.22873
1.26095 -0.54915
-0.892978 0.338681
0.836109 0.165484
0.546525 -1.28185
-0.870958 0.190243
-0.544023 -1.51012
0.0468674 -0.21792
-1.34149 0.48364
-0.60607 0.340207
-0.00787006 0.704565
0.292798 1.41003
1.22774 -0.437978
-0.691617 -1.88125
0.781346 -0.560683
-1.00095 1.30705
-1.00129 -0.971642
0.836014 -0.346488
1.52889 1.16979
0.829394 -0.46233
-0.437934 -0.16236
1.83738 1.59425
-1.81482 -1.34359
-0.289777 -2.13276
-1.13002 -0.129819
-0.197573 -0.690548
-0.276952 -0.349
-0.134043 -0.417465
-1.17106 -0.0948566
-2.46371 -0.604861
0.955837 -1.42173
-0.527609 0.0257685
1.11682 -0.38183
0.130199 0.963114
-0.253166 -0.424533
0.158979 -2.25072
-1.58092 0.814314
-0.0641301 1.10894
-0.219836 -0.0204827
1.03337 0.353744
0.35327 0.541687
-0.429684 -0.882381
-0.673997 0.0526432
-0.294044 0.741329
1.44562 0.178869
-0.302791 0.162561
-0.237826 -0.969712
0.56064 0.0490391
0.126251 0.421485
-0.187559 1.87387
-0.770767 1.33461
1.59687 -0.61917
-0.738471 -0.101814
-0.656208 0.483098
0.236772 0.226129
-1.37319 -0.477582
-0.668729 1.41649
-0.437783 -0.417224
-0.606302 -1.77644
0.498627 0.0244009
0.460541 0.0669637
0.548145 0.977713
-0.955873 0.761909
0.287623 -0.995537
-0.281858 0.868659
0.679299 1.12023
-0.204282 -1.39136
2.73454 -0.0246455
0.151742 -0.184547
-0.537728 -1.26965
-1.27429 -0.108877
0.690307 1.58694
2.11748 -2.34633
-1.93369 0.272648
-1.44712 -0.950799
1.61685 -1.00446
2.36599 -0.197813
-0.0546421 0.803167
1.2182 2.73854
1.28934 -1.42979
0.67881 0.227581
-0.289729 -0.745846
0.777711 -0.860766
-1.45342 -1.53931
-1.03135 1.3446
0.965011 -0.452814
0.51474 1.30687
0.896482 0.334809
-0.26746 -0.118101
0.653235 -0.950237
0.796699 -0.597792
-0.636959 2.17107
-0.15908 0.818365
0.482697 -0.810668
0.115268 -0.513873
-1.20679 0.681068
0.718653 1.52111
-0.153045 0.940507
0.409033 0.901766
-0.224822 -0.533111
0.202191 -0.374665
-0.973295 -0.674252
1.90349 0.705909
-0.704226 0.298457
1.712 1.1293
2.13662 -0.266863
-0.0447681 -1.25298
-0.478845 -0.303687
0.370691 0.796838
-0.371925 -0.879103
-0.64949 1.76353
0.183411 -0.653109
-1.03795 2.50676
0.385116 0
-2.53231 -0.118325
0.653909 1.34121
1.49567 0.117831
0.334717 -0.896893
-0.957178 0.498851
-0.0373112 -1.25296
1.25826 0.220076
0.408887 -1.52428
-0.683963 -1.25614
-0.955228 0.87705
0.468377 -0.501904
-0.134931 1.61295
-0.0811607 1.17302
-0.941147 0.0383707
2.44429 -0.253533
-0.802838 -0.60662
0.840914 0.486237
-0.164889 1.42146
-0.705097 -0.185776
-0.493199 0.783379
0.149447 0.00831908
-1.30041 -0.54232
0.380362 -0.4749
0.497092 -0.7073
-1.00275 -0.949807
-1.03647 0.623286
-0.583929 0.25012
-0.692677 -1.31018
-0.376249 -0.177826
0.215073 0.42266
-1.18296 -1.31056
-0.517346 0.0656746
-0.848744 -0.320973
-0.226962 1.22255
1.12691 -0.320259
-0.875444 -0.915854
1.62804 -0.688688