0.406519 3.20305
0.868186 0.326364
0.852793 6.23295
0.593168 2.49778
0.823648 1.50546
0.69462 1.24064
0.953908 2.18772
0.482489 3.28129
0.789867 3.80957
0.59512 3.61148
0.566725 3.33478
0.559408 3.38157
0.956559 3.30794
0.682744 0.30297
0.984406 1.08091
0.602003 1.82933
0.246376 0.81361
0.409399 4.56297
0.519231 4.27131
0.464572 2.72347
0.889181 5.54628
0.827585 0.542279
0.819953 2.27554
0.630309 3.4506
0.824703 4.50065
0.863763 0.629527
0.53358 3.47265
0.863339 1.75243
0.880472 0.932305
0.454242 2.25445
0.705389 4.61972
0.194846 2.79596
0.466571 2.57563
0.820232 1.23796
0.780949 4.20439
0.785877 1.10795
0.93275 3.58023
0.35972 5.14647
0.673654 3.23047
0.12682 0.210737
0.969694 4.1459
0.749808 2.65885
0.140627 6.00207
0.76146 0.840839
0.779385 5.02413
0.76432 2.05291
0.285241 2.06097
0.307534 1.73422
0.803732 2.02146
0.245259 0.573918
0.905725 4.67016
0.640801 0.412462
0.226364 5.63352
0.855616 4.06958
0.67209 1.33365
0.260114 0.250238
0.814969 4.13171
0.918506 2.64255
0.921243 4.84868
0.959092 4.97869
0.892419 2.04754
0.875031 2.85272
0.409436 3.82376
0.872236 0.619747
0.924864 2.10871
0.787952 3.36853
0.687932 1.16433
0.973933 0.256183
0.984452 6.02432
0.953364 2.03661
0.602687 2.29203
0.17487 0.832018
0.781965 2.70353
0.362425 2.94955
0.770504 3.36278
0.607428 2.78963
0.476314 0.457907
0.645641 4.66594
0.838902 4.61896
0.874682 4.57025
0.924979 2.65329
0.38194 0.994625
0.800536 4.89182
0.291066 3.40075
0.870871 2.21188
0.758891 0.630294
0.621017 2.38714
0.939871 2.36144
0.204923 1.24793
0.682923 2.8065
0.759614 1.75263
0.175045 4.88914
0.532606 5.5691
0.838884 4.36335
0.369926 2.29874
0.579584 2.99442
0.395445 0.329432
0.962396 0.532883
0.946295 5.06536
0.415687 3.18196
0.232089 1.0813
0.386152 4.57581
0.465064 1.0418
0.323163 2.10181
0.845912 4.29336
0.624301 4.58214
0.78801 3.36892
0.71307 6.18424
0.922782 0.70316
0.540625 1.95684
0.643653 4.14053
0.449311 1.01016
0.876129 1.23662
0.867676 5.92307
0.556179 0.322338
0.257343 2.36164
0.995136 0.0920417
0.737931 2.88953
0.228778 0.82128
0.820027 0.457715
0.944374 0.659824
0.97081 1.21955
0.218544 2.13671
0.951794 4.72385
0.561395 3.74092
0.590383 0.600764
0.991603 1.71332
0.769097 0.593093
0.44597 2.04889
0.957532 5.39613
0.674311 5.00937
0.344288 0.55877
0.449854 6.12902
0.422135 0.295876
0.768839 1.1486
0.256452 0.976217
0.575011 1.15934
0.815792 1.37104
0.824481 1.40651
0.909105 1.69817
0.747933 4.28761
0.733887 0.307381
0.889456 2.29471
0.482963 0.577561
0.678327 2.58234
0.457389 2.89107
0.635493 5.19729
0.428057 0.534992
0.908282 4.08473
0.982901 4.66172
0.172675 4.58866
0.512903 4.06211
0.540117 0.895105
0.774553 4.26325
0.916044 1.38657
0.611309 1.4393
0.98439 1.37372
0.16838 4.23027
0.533894 3.73689
0.596375 2.93901
0.246995 5.79421
0.959665 5.48933
0.853848 2.66556
0.783505 1.90967
0.701963 0.84429
0.569411 1.86154
0.256452 4.28147
0.861835 0.695298
0.731346 4.39556
0.535492 5.98156
0.590073 5.42758
0.388712 5.13784
0.65477 3.45501
0.69563 6.09872
0.642157 0.750523
0.829003 0.22857
0.10655 5.21742
0.918207 4.56335
0.708906 2.33537
0.513735 1.16068
0.583572 0.150526
0.410702 6.04522
0.946714 2.79155
0.695235 3.84753
0.565539 0.480726
0.875763 5.75241
0.727476 1.17123
0.51204 4.55894
0.568606 3.27841
0.266833 2.78311
0.787584 3.75472
0.675667 0.705269
0.906028 3.80937
0.516372 0.910829
0.544619 5.98635
0.697799 4.19096
0.0560661 2.60478
0.956767 3.08761
0.467421 5.82585
0.981549 4.49892
0.637483 6.24599
0.762641 5.94474
0.452121 4.53459
0.557194 0.892996
0.73318 3.01609
0.675532 0.579095
0.925293 1.17698
0.626107 3.20324
0.706664 1.38599
0.991279 4.75472
0.428414 5.97274
0.369306 1.1952
0.784381 5.66689
0.693125 0.855029
0.479315 3.38253
0.4018 3.05425
0.232942 4.22778
0.878459 5.7852
0.834342 3.15971
0.63205 4.75549
0.675441 1.69855
0.897381 2.64064
0.753098 3.43622
0.849836 3.41513
0.746054 0.905076
0.531057 4.32557
0.857664 4.07399
0.752206 4.35951
0.900927 3.65463
0.528926 4.07227
0.792047 1.16778
0.745624 3.06019
0.152496 5.23794
0.937124 1.35915
0.909155 0.396738
0.364314 4.77025
0.98186 1.49798
0.885467 2.69682
0.837027 5.24311
0.419087 0.174879
0.0481602 2.18235
0.977717 3.56316
0.158 5.21148
0.792933 3.87841
0.852722 0.311024
0.478997 1.75569
0.78005 1.74687
0.354206 4.92193
0.757059 4.37984
0.970669 4.4598
0.958121 2.73766
0.783407 5.269
0.667716 1.44505
0.747423 3.90142
0.838884 4.45002
0.990386 1.7417
0.588467 1.89203
0.543384 3.26518
0.789944 4.88089
0.823833 5.65481
0.998213 2.52079
0.863427 4.91368
0.932979 4.54283
0.590331 5.90236
0.680932 6.18213
0.71039 4.88933
0.890347 0.966054
0.667808 1.15915
0.886758 3.71177
0.8917 6.26669
0.723754 2.05119
0.930768 0.666343
0.773508 6.13343
0.301824 1.08724
0.777797 1.72041
0.754413 6.16679
0.868502 1.46039
0.86249 2.5624
0.78134 5.83717
0.451141 0.123489
0.977046 5.748
0.778856 1.87439
0.879189 1.5741
0.856168 3.05617
0.608532 1.04525
0.81208 0.379864
0.779854 2.18215
0.246067 5.20822
0.517818 5.29738
0.796523 4.11081
0.734905 3.79269
0.808483 5.03372
0.797213 4.01436
0.800422 5.71003
0.725186 5.05328
0.411221 3.69873
0.897619 1.32252
0.888323 4.06709
0.82524 1.62856
0.27984 5.8667
0.287213 1.90124
0.904275 5.10352
0.950783 5.83698
0.540456 1.63451
0.604557 5.48338
0.846363 3.70832
0.70826 3.45233
0.886397 5.01685
0.880299 1.35896
0.593193 3.37294
0.902197 4.75568
0.473002 4.46594
0.526092 0.576027
0.305143 4.41052
0.916044 1.33806
0.765158 1.35646
0.554723 5.30984
0.660178 4.7413
0.926594 4.58463
0.888529 4.4878
0.632605 3.36546
0.792297 0.677465
0.24878 2.47861
0.564621 5.73573
0.898434 0.378905
0.541725 0.276125
0.414584 4.36795
0.919768 5.97216
0.357123 1.7532
0.244262 5.2736
0.263784 4.0529
0.926265 3.28244
0.964756 0.876889
0.424154 5.58885
0.647435 5.70275
0.530252 0.0354744
0.618012 5.04312
0.399591 5.2412
0.541387 5.79268
0.326311 3.66844
0.931194 4.81742
0.617666 4.28569
0.892743 0.171619
0.119382 2.33882
0.785994 6.24119
0.854277 5.883
0.833464 3.69835
0.999634 3.40995
0.579873 0.199615
0.464637 4.51694
0.181885 0.760111
0.997861 2.82031
0.905876 0.906802
0.776678 5.63007
0.876111 2.60727
0.708734 4.71771
0.767766 2.7089
0.178839 1.27669
0.621705 4.15626
0.455148 3.39595
0.712214 6.0015
0.802801 2.32405
0.732514 3.62491
0.782901 2.92961
0.63961 5.44982
0.458122 1.53748
0.8047 3.31753
0.813395 5.39287
0.85197 3.33958
0.865633 5.78386
0.746667 4.12692
0.599768 5.36143
0.330077 4.07975
0.401153 5.39901
0.37112 0.0370084
0.634989 3.26518
0.236065 2.42108
0.919121 0.106615
0.95793 4.04101
0.895815 6.17331
0.730762 3.09164
0.572538 6.08817
0.842514 4.94398
0.712321 3.44562
0.779424 2.7321
0.942886 0.216873
0.485012 5.8479
0.179605 5.21915
0.24588 3.24792
0.429339 2.52693
0.864822 6.08702
0.284384 5.49335
0.151492 0.027996
0.933633 1.59961
0.812437 2.01379
0.414032 1.76471
0.771869 1.58043
0.485515 5.61435
0.408877 0.350334
0.511443 2.09606
0.689417 5.18367
0.901859 5.43487
0.934351 0.124448
0.611135 0.768931
0.760698 3.95664
0.135093 0.527322
0.643653 6.02106
0.467649 4.20189
0.817773 0.209395
0.87531 6.02969
0.29352 4.03488
0.907341 0.319269
0.989508 6.23007
0.315614 3.27016
0.683325 6.23889
0.390709 3.32021
0.915978 1.08532
0.901842 3.38579
0.207439 1.30277
0.858393 4.19691
0.546213 0.523679
0.280494 4.12481
0.913325 5.54589
0.5433 2.93747
0.867676 1.21035
0.263205 3.19883
0.134867 0.888202
0.601267 3.0274
0.754211 0.362798
0.765218 5.35107
0.745829 4.75357
0.953508 5.95184
0.841662 2.81954
0.824574 4.29221
0.904241 1.73729
0.987872 5.69757
0.595222 2.97544
0.530683 2.33575
0.452525 0.942852
0.537426 2.10526
0.73143 4.41723
0.906701 4.90026
0.882307 5.34896
0.943259 1.65464
0.865845 1.85886
0.927121 2.44428
0.939417 0.0301053
0.871571 5.68376
0.770227 0.777177
0.839139 2.66844
0.876964 3.20765
0.666412 4.89067
0.617444 5.62988
0.20766 6.16852
0.47268 4.20189
0.823537 5.25155
0.880333 1.79213
0.752043 0.93614
0.434883 1.91734
0.10655 3.67457
0.637531 0.324063
0.766513 0.845441
0.626789 5.6295
0.657677 1.35014
0.709444 1.05752
0.822869 2.45406
0.984685 4.35146
0.99754 4.53708
0.716933 5.94685
0.528378 4.63928
0.29554 5.32116
0.66467 0.214956
0.855901 1.00498
0.583729 3.09989
0.756675 3.36892
0.91105 0.852536
0.961174 1.07209
0.967283 3.70851
0.731221 0.553784
0.395484 1.20977
0.973839 0.334802
0.943259 4.44638
0.995734 0.664809
0.991095 4.25673
0.622294 4.52749
0.637028 2.47285
0.702745 3.72385
0.241054 3.1089
0.40925 0.300861
0.829813 1.19347
0.866585 0.487054
0.974231 0.662508
0.432067 6.27532
0.754838 4.76258
0.505109 4.64714
0.812287 4.0972
0.968576 4.70851
0.364775 0.0184083
0.952355 3.35243
0.509081 0.527322
0.368562 5.11483
0.582237 1.25234
0.800098 1.97506
0.711099 1.77123
0.582734 1.06653
0.806329 0.726746
0.215874 6.04714
0.687177 1.15301
0.7614 2.3973
0.809973 0.878039
0.0394518 3.19519
0.4137 5.70467
0.991187 4.56929
0.835549 2.5346
0.536972 1.62664
0.42347 5.53535
0.628103 2.02683
0.703418 5.70275
0.472776 5.78117
0.512814 6.03237
0.0924402 1.54726
0.875484 4.06862
0.530856 4.54935
0.0529878 3.51446
0.993847 4.17697
0.927582 4.63391
0.849243 3.47553
0.64734 4.86651
0.301672 6.01665
0.613129 3.36719
0.455952 0.40901
0.772186 3.19154
0.545934 5.29009
0.888391 4.84005
0.664256 5.14033
0.555493 3.73037
0.658929 3.12961
0.280167 4.16239
0.882498 2.48589
0.802801 5.79556
0.891888 4.36143
0.590667 0.334035
0.928092 3.34035
0.79497 3.55818
0.87957 5.72442
0.676367 3.31427
0.48771 1.47899
0.929258 5.68261
0.693675 2.93881
0.798933 3.38963
0.995274 5.75931
0.347771 4.69527
0.613378 4.05865
0.356824 3.37678
0.599844 3.20688
0.0259115 2.90353
0.942174 5.12289
0.887429 0.557619
0.607604 3.78368
0.733804 0.614186
0.200101 3.5089
0.856632 0.0316393
0.671204 3.474
0.913542 3.20286
0.280494 4.99997
0.978778 2.93402
0.262218 3.91944
0.823815 3.04869
0.307335 5.72116
0.976702 0.93825
0.589193 0.63758
0.418249 5.45347
0.805704 5.49201
0.585086 2.17506
0.831906 2.65789
0.605793 4.29355
0.632509 2.3275
0.70422 0.60038
0.646633 1.8905
0.92893 1.65541
0.851665 5.79095
0.405429 1.91485
0.610835 5.32729
0.67835 2.33747
0.590486 0.0790024
0.31513 5.49911
0.750398 4.41167
0.877938 2.0694
0.982171 1.35742
0.824185 5.19863
0.881598 0.957233
0.919851 0.863658
0.929209 1.99615
0.731325 2.67669
0.461441 1.64946
0.89561 3.80113
0.745563 2.7718
0.416421 1.91543
0.31759 6.26439
0.666344 2.96643
0.63135 1.08552
0.777503 3.71925
0.574347 2.17122
0.944309 3.36681
0.46791 4.31637
0.982062 0.215723
0.268145 2.81724
0.452019 4.86728
0.969473 5.47264
0.376224 0.774492
0.638153 4.53037
0.074936 2.97659
0.452862 2.82683
0.633377 1.37698
0.97434 6.15394
0.329754 2.19884
0.0632291 0.702393
0.102462 4.25079
0.685399 3.54955
0.375778 4.25232
0.544787 3.97447
0.929406 6.08836
0.723459 2.94859
0.412518 2.57161
0.799487 0.00594436
0.327292 5.11694
0.270693 2.88762
0.571871 1.94285
0.898757 3.41609
0.873879 1.88283
0.340141 1.27765
0.657886 0.439882
0.651687 0.316393
0.598648 0.0368167
0.552297 2.47247
0.789229 2.77506
0.763521 5.64522
0.737145 0.837387
0.760899 5.48702
0.98597 2.23585
0.6864 1.12042
0.850033 3.93478
0.885087 4.78425
0.346144 0.319653
0.999313 5.14091
0.822703 1.87401
0.545235 3.62529
0.94594 1.23585
0.648377 4.45616
0.434848 6.013
0.81114 2.28973
0.969646 0.125215
0.980927 5.2178
0.818034 3.325
0.431112 5.1434
0.582001 2.69414
0.667465 2.3486
0.882515 1.16759
0.780852 2.57448
0.487366 0.867876
0.955234 5.46056
0.238253 2.93402
0.831466 3.195
0.687866 4.99211
0.500861 1.9415
0.737372 2.55588
0.922385 3.21014
0.443431 0.634896
0.905169 1.72271
0.638153 4.13861
0.88961 6.05327
0.706038 5.9225
0.268372 0.364715
0.752996 3.89624
0.352954 4.32116
0.183389 3.20746
0.428948 4.97677
0.565215 3.5041
0.997556 5.69354
0.804017 2.68858
0.822127 3.58426
0.981425 4.60093
0.84012 2.30085
0.997892 5.4947
0.197568 3.61513
0.65082 3.29011
0.585451 2.92731
0.42419 4.4715
0.600429 1.26826
0.937042 3.49336
0.632702 2.37889
0.601369 3.81628
0.973698 1.14899
0.617197 5.16737
0.6371 1.11888
0.627033 1.01323
0.977374 4.48799
0.698978 5.09125
0.738427 6.05366
0.664142 0.186384
0.0783213 3.64255
0.940326 3.93382
0.535976 6.18482
0.782023 0.316968
0.90591 1.73326
0.0546883 0.756659
0.095205 4.81014
0.758388 2.31351
0.916211 0.862124
0.810689 0.0820705
0.78801 1.46097
0.43796 3.51311
0.921227 2.89739
0.812944 0.112368
0.437507 5.25232
0.368934 4.7505
0.778072 3.97697
0.674605 6.08204
0.756433 4.25271
0.722424 4.8598
0.679922 1.57583
0.856097 5.90888
0.152296 3.96968
0.726343 1.46078
0.996392 1.57545
0.253459 2.39788
0.915178 3.00133
0.144692 4.30966
0.784809 0.199615
0.721875 1.45771
0.983149 0.105081
0.429339 4.669
0.470706 3.64888
0.549833 0.321571
0.802991 1.26711
0.373415 1.22588
0.891717 3.75319
0.598953 0.89779
0.122162 1.63681
0.756635 0.877272
0.207219 3.89068
0.13464 4.27284
0.867728 5.16315
0.599233 0.666151
0.129675 0.922909
0.781223 5.21263
0.832438 0.24602
0.435093 1.1323
0.859885 4.83065
0.303085 5.51521
0.672521 4.50525
0.439039 0.815911
0.910514 1.79826
0.819469 2.22933
0.23774 2.73287
0.750601 3.32481
0.353084 5.26728
0.659461 1.00671
0.751272 4.22816
0.42973 5.55433
0.557741 0.170852
0.984623 4.32021
0.832365 5.88357
0.504504 4.75606
0.737352 0.26903
0.994875 5.9666
0.66483 5.53631
0.9541 5.60572
0.271313 4.95184
0.980974 4.41781
0.848686 2.75377
0.924022 2.13901
0.934204 0.0233939
0.85467 3.60784
0.984483 5.90275
0.988088 3.67093
0.508421 2.47151
0.37362 1.14937
0.887979 1.51792
0.991726 4.16373
0.720563 4.70333
0.813657 1.68801
0.749116 5.35395
0.143527 1.86269
0.734012 0.463085
0.14844 5.11943
0.280004 0.337294
0.545179 0.0814952
0.649505 4.46843
0.906045 1.09223
0.405655 0.185042
0.84407 1.70411
0.344686 2.92865
0.402141 1.21016
0.549722 6.20802
0.692663 3.68742
0.225079 4.59729
0.524086 2.11677
0.507038 1.81092
0.867306 4.1296
0.856863 3.85655
0.376589 5.13171
0.838593 3.54629
0.497192 3.05502
0.637866 0.353977
0.349609 4.46843
0.920763 5.34858
0.933616 3.20056
0.80735 6.07053
0.759514 0.587916
0.237033 4.45386
0.588934 4.51771
0.151291 2.12271
0.702636 0.981969
0.690633 2.18446
0.913041 4.95683
0.81837 2.38119
0.335579 2.11063
0.81669 4.73516
0.746483 1.25407
0.981083 3.98962
0.741932 2.75281
0.464933 5.10793
0.657561 2.28206
0.342421 0.71735
0.652716 4.79249
0.610535 2.74744
0.829592 4.70314
0.905893 2.59385
0.696507 1.43738
0.817399 4.32711
0.702376 0.0373919
0.924682 5.27801
0.474773 3.13728
0.736171 5.68357
0.762121 0.581588
0.850607 3.41014
0.722213 0.669795
0.983335 5.16967
0.934466 2.4951
0.524319 3.96412
0.500252 3.62606
0.272323 4.43909
0.327711 5.4341
0.573283 1.89932
0.956559 3.49528
0.881944 2.94917
0.678147 0.771616
0.547664 6.07954
0.520874 5.86766
0.632726 5.02912
0.414143 3.79902
0.908148 2.35818
0.975546 6.08625
0.545291 1.81533
0.415467 4.24446
0.620107 4.63065
0.300913 2.59864
0.69473 3.45425
0.841409 4.75932
0.965246 5.35299
0.974325 4.02625
0.503293 2.18676
0.980709 2.85214
0.717103 1.46001
0.735694 4.81627
0.902501 4.55127
0.826311 4.24235
0.949113 1.43547
0.506647 4.87667
0.951168 0.751674
0.899521 4.79403
0.453738 0.962602
0.698498 4.07879
0.648494 3.14303
0.305542 3.86939
0.717316 2.56029
0.50402 3.04274
0.204476 3.03373
0.852972 5.1133
0.712471 3.80228
0.909004 3.92232
0.925556 2.88781
0.983971 4.67284
0.294247 4.38483
0.593862 4.90755
0.99311 4.54321
0.872499 4.5482
0.999374 0.629527
0.695235 1.01016
0.458289 3.71407
0.605919 0.812651
0.679675 5.11867
0.997632 3.69854
0.768561 3.34265
0.992818 3.24734
0.888769 3.49701
0.646066 3.98349
0.314743 1.8184
0.617444 4.71004
0.129793 5.52423
0.809728 4.62049
0.489116 0.0467878
0.712406 0.770657
0.7231 1.87688
0.786071 2.04448
0.820623 2.23431
0.364398 3.06326
0.811629 2.63335
0.915961 6.00591
0.920398 4.10717
0.681693 2.37199
0.608933 0.360305
0.324999 2.65598
0.783602 6.26401
0.880576 0.832018
0.909021 2.31351
0.285669 5.59843
0.927878 2.39404
0.16257 0.149568
0.195003 6.09124
0.965704 0.125215
0.364649 5.19594
0.702767 2.38656
0.699698 0.418214
0.975295 0.55225
0.508361 3.18004
0.627008 4.46268
0.871886 3.63277
0.426593 0.737292
0.98679 5.43736
0.710111 5.2249
0.386981 1.63719
0.215804 6.2828
0.740696 4.72442
0.892487 6.2316
0.551385 5.23429
0.98408 3.90429
0.641063 3.38215
0.232023 6.25596
0.916144 0.645634
0.998962 6.19958
0.878546 1.55512
0.706772 2.07055
0.983723 0.563947
0.661448 2.16681
0.500557 4.2598
0.649059 1.7998
0.349216 0.954932
0.683057 1.97333
0.706815 3.31983
0.892367 0.571809
0.761941 0.692805
0.875432 0.041994
0.910866 3.28531
0.957229 0.153786
0.304392 2.34591
0.38098 0.968738
0.913592 3.36834
0.110901 3.45463
0.709358 0.394629
0.403959 1.45886
0.129086 4.51042
0.938084 2.74303
0.614546 0.868068
0.870397 3.67841
0.641135 3.88665
0.710132 5.5666
0.792105 3.27879
0.931407 3.47342
0.459652 1.97238
0.827456 4.1204
0.366611 1.40785
0.24282 3.72193
0.627762 3.32999
0.812456 1.16586
0.613502 2.94073
0.387336 2.55281
0.586857 4.82739
0.856685 4.53267
0.227238 5.11982
0.91416 0.414187
0.693037 2.70641
0.948148 2.77122
0.839284 1.81207
0.559298 0.858672
0.937107 5.93496
0.680079 3.63775
0.591054 3.14533
0.951505 5.04657
0.947359 5.57619
0.819357 3.46307
0.311527 4.87667
0.830107 6.24656
0.897772 0.706803
0.580136 0.504695
0.882446 1.74457
0.341797 3.18886
0.636093 5.48587
0.677404 2.01552