0.0111393 0.233172
0.747826 2.15799
0.708304 1.07938
0.597369 3.16642
0.114994 0.197698
0.477493 1.36548
0.128025 4.95817
0.792901 1.22741
0.539811 0.34995
0.994232 0.859439
0.370373 5.55701
0.472701 0.275166
0.324503 2.50794
0.579638 1.02531
0.373699 0.306422
0.770959 3.47476
0.463179 3.05291
0.876705 1.7206
0.343974 0.443717
0.495651 1.28954
0.529923 6.28184
0.514756 3.06058
0.379711 0.380247
0.753685 3.68301
0.303964 0.0594436
0.734397 6.20342
0.0970794 3.62184
0.57564 3.20458
0.394574 0.586574
0.0125431 1.56969
0.254769 4.70256
0.541093 0.908336
0.866146 2.91945
0.687613 1.04314
0.37904 2.53824
0.403333 0.85522
0.863063 0.604407
0.584094 1.0579
0.388745 1.21131
0.71456 4.61436
0.23487 5.31426
0.637989 2.23201
0.220313 4.47227
0.450697 5.76641
0.161199 3.64926
0.521561 3.87093
0.452773 3.95952
0.636586 3.25444
0.776666 1.90699
0.26838 4.75203
0.932707 5.11752
0.970855 2.17027
0.796075 1.73345
0.898465 3.911
0.399243 2.84888
0.450972 1.97218
0.139195 0.909103
0.0429395 1.42588
0.109165 1.14995
0.99826 3.55511
0.555986 0.417639
0.569506 5.48702
0.461837 1.32962
0.0827662 3.75127
0.251411 5.23084
0.206977 1.76567
0.624073 2.79385
0.348521 2.39979
0.510575 6.24464
0.17069 4.46517
0.15537 3.83296
0.238289 3.13191
0.323557 6.19728
0.787164 0.557427
0.632832 2.40516
0.618671 1.58983
0.0105899 1.60536
0.119266 0.834319
0.27604 3.20631
0.405072 5.06172
0.847041 2.39864
0.591266 2.99365
0.572253 5.88836
0.186773 1.8508
0.688223 1.28935
0.613727 4.99077
0.901242 5.84484
0.851924 6.04426
0.594592 5.9737
0.208472 5.82413
0.160344 1.27938
0.212348 1.74822
0.456679 2.21782
0.633778 0.0372002
0.389599 0.275358
0.628864 0.423775
0.620136 4.90946
0.00912503 3.63795
0.396435 2.72999
0.636036 3.97141
0.510636 2.29356
0.940428 4.61666
0.380993 1.14036
0.567217 5.51771
0.258919 0.741319
0.144841 1.43163
0.560961 0.2395
0.179693 2.76624
0.325877 0.401532
0.0758995 3.79538
0.796625 5.21378
0.27955 5.06728
0.127384 2.27017
0.548448 2.0416
0.215735 3.63967
0.346599 2.78541
0.659505 2.69164
0.363689 5.61301
0.838801 3.96795
0.159612 5.78654
0.123234 0.428377
0.934111 6.14436
0.203772 4.89355
0.421125 0.23835
0.549791 3.72884
0.908536 3.38291
0.991241 2.42376
0.382519 5.94685
0.425428 5.98021
0.797143 5.97312
0.649312 3.2299
0.468947 1.74131
0.316385 5.34321
0.596423 0.825115
0.0187689 0.300286
0.904508 1.65943
0.494156 5.53822
0.414167 4.16776
0.957915 5.14187
0.336985 5.46708
0.560106 4.06326
0.0945463 5.78309
0.967589 4.58214
0.463149 5.72576
0.070864 5.54666
0.843074 1.20862
0.816309 5.53822
0.653432 1.14554
0.162999 3.68243
0.851497 5.0901
0.165044 4.3854
0.577227 3.65386
0.178289 0.865192
0.922971 1.69932
0.192511 0.309298
0.827723 1.47995
0.28843 2.69299
0.0968963 2.27017
0.219825 2.37467
0.546831 3.92519
0.120365 6.1852
0.274148 1.80018
0.335795 5.17734
0.0504471 4.44695
0.380993 0.568741
0.841823 4.97006
0.0217902 2.19634
0.45323 0.294917
0.482315 5.76296
0.298288 1.795
0.776727 5.42931
0.293619 5.86305
0.166448 4.04868
0.878414 6.11042
0.742119 2.195
0.158971 3.20823
0.130558 3.68665
0.178228 6.09086
0.327036 6.18462
0.310373 5.66881
0.651936 2.00325
0.780236 2.73517
0.833155 1.6974
0.307871 2.10028
0.212867 5.02605
0.87814 4.36872
0.0797143 0.976984
0.635182 1.64409
0.125767 3.13536
0.902005 2.2951
0.0285348 1.01207
0.324931 3.09643
0.158116 3.26652
0.143254 2.99902
0.40907 3.17256
0.583636 1.97621
0.157506 4.5622
0.379681 3.79749
0.343211 1.42856
0.416517 3.8786
0.676595 5.4412
0.50032 6.19287
0.970611 1.98561
0.252724 0.125599
0.598041 4.38329
0.130528 4.09029
0.0733055 5.21934
0.570177 6.2525
0.759667 0.715432
0.257088 3.4343
0.701071 0.178714
0.520585 6.24292
0.579363 1.67976
0.853053 4.14418
0.796197 3.07112
0.554643 3.58042
0.680105 4.36949
0.502762 0.898173
0.818537 1.49683
0.0466628 3.18522
0.514878 2.79768
0.0269478 2.77045
0.370495 5.50256
0.920011 5.91483
0.991821 1.24908
0.107639 2.59864
0.822199 4.38253
0.271645 3.0669
0.0990936 2.49874
0.913236 2.90353
0.936186 5.1643
0.997559 2.29817
0.530045 2.31446
0.72338 4.10717
0.49263 1.97736
0.417432 3.27572
0.307932 2.809
0.554094 5.31847
0.914304 1.97199
0.899869 4.74628
0.411237 0.658098
0.782769 5.11847
0.891568 0.971231
0.487197 5.32212
0.398419 0.453497
0.773095 2.3463
0.00729392 3.10641
0.520676 4.26556
0.0330821 2.92079
0.499985 3.16738
0.362041 2.75243
0.265328 2.27439
0.908902 5.70562
0.174871 3.0088
0.198828 4.16335
0.535081 2.26844
0.0745567 4.15837
0.870388 6.19555
0.528306 3.40746
0.317576 3.89029
0.658925 4.68703
0.145482 1.60095
0.753746 1.72022
0.399396 4.29144
0.495834 0.408435
0.670553 1.13441
0.295907 0.00517734
0.990875 5.20093
0.749351 3.35108
0.852199 2.82453
0.218207 5.90332
0.351115 1.14419
0.538408 1.25694
0.458357 4.17275
0.851619 3.16221
0.413282 5.36123
0.562243 2.35013
0.243416 2.93805
0.41963 2.68704
0.409101 0.326364
0.724998 4.70525
0.572954 4.20573
0.663411 5.62739
0.494308 1.36605
0.760949 3.31753
0.0488907 2.32328
0.466628 4.16105
0.373363 0.894913
0.859493 3.4531
0.134617 0.535376
0.480575 1.13096
0.924619 0.617063
0.290017 2.5856
0.779687 5.48607
0.749107 4.54667
0.82522 6.0295
0.0271004 3.74801
0.0450148 2.87055
0.333628 3.23565
0.176092 2.07266
0.375317 3.75146
0.727958 2.20478
0.9382 5.33017
0.12714 4.18368
0.594348 0.25369
0.98703 6.19325
0.534349 1.35167
0.501999 2.53115
0.523942 5.11119
0.967223 5.2318
0.986297 2.69663
0.423048 0.501052
0.208899 1.18158
0.424726 3.32596
0.675741 4.72193
0.936674 2.91465
0.524155 5.94186
0.352184 0.026462
0.127018 0.0962602
0.637928 4.24849
0.799707 3.15818
0.603473 3.78138
0.632069 4.7202
0.295816 1.98522
0.44557 0.219749
0.518876 1.3045
0.875332 1.9603
0.478072 3.68339
0.576952 3.79212
0.549913 2.34476
0.558855 6.26919
0.176336 2.62836
0.639058 1.75224
0.884518 2.7716
0.0272835 1.13614
0.431043 3.75262
0.032136 1.67362
0.0718406 4.20937
0.89288 2.70698
0.956481 5.56967
0.736625 0.195589
0.647572 2.25732
0.66039 4.01896
0.765648 0.960301
0.937986 2.65809
0.758477 6.12441
0.352153 0.919458
0.795557 3.09126
0.651662 5.03755
0.787805 1.71447
0.133152 5.41895
0.531938 2.21725
0.348338 1.01572
0.980102 2.67918
0.935942 2.49164
0.634327 4.16604
0.578722 1.61476
0.0661641 0.935949
0.0855434 1.12847
0.561174 5.99095
0.598529 4.56584
0.888333 5.15357
0.924772 3.70621
0.194678 3.03948
0.993652 1.37832
0.0249641 3.83795
0.438734 0.488204
0.465926 2.30545
0.304941 3.25866
0.415998 3.81724
0.880367 1.82818
0.979827 4.3645
0.653462 4.19499
0.98764 5.89393
0.395062 1.25388
0.640034 4.15875
0.365307 0.593477
0.277291 5.63007
0.645802 1.38734
0.274117 4.35031
0.596576 4.6297
0.0588702 0.41668
0.438154 2.16298
0.258461 3.53862
0.958556 1.051
0.967559 2.8251
0.345317 1.61245
0.143284 3.33018
0.142521 4.51253
0.12476 3.69317
0.332957 2.93459
0.277596 2.83968
0.544908 3.81091
0.763359 4.32615
0.384411 2.71331
0.434248 5.76008
0.892178 0.37181
0.852504 4.71675
0.125584 4.26997
0.434919 2.29663
0.865841 2.7507
0.722587 4.3296
0.449904 5.88204
0.77517 1.36989
0.727561 2.28474
0.690512 2.88742
0.143406 1.56854
0.249275 6.26765
0.944029 5.29642
0.684378 1.15589
0.509781 0.725595
0.575457 2.86288
0.812037 2.4602
0.868618 1.72923
0.995148 3.77831
0.0206915 4.38406
0.0834376 1.00613
0.269021 3.5321
0.813318 2.96623
0.0257881 1.9323
0.590167 0.371426
0.397748 2.60555
0.570605 1.9789
0.83047 2.96777
0.869289 5.55299
0.878201 5.45865
0.891018 4.17428
0.0981475 0.678232
0.787835 2.75799
0.0701315 4.72039
0.0409558 0.79827
0.541154 6.1806
0.167974 4.17486
0.694723 5.05922
0.554643 3.18579
0.54564 5.32403
0.41203 4.7737
0.459334 5.11771
0.858638 5.84656
0.796564 3.4577
0.127262 1.94208
0.68276 4.58137
0.897244 6.10121
0.902707 1.08341
0.751152 2.55416
0.920042 4.96488
0.757256 4.86555
0.0216987 0.924443
0.176122 4.90601
0.587603 4.11254
0.293039 1.15321
0.485031 2.42683
0.374767 5.78386
0.588214 3.2692
0.751671 5.42816
0.422926 2.5461
0.0246895 1.25023
0.935942 1.58024
0.397595 2.68953
0.389508 2.81475
0.133671 6.27877
0.381115 3.16182
0.138035 3.52347
0.987762 3.84523
0.66451 5.27341
0.0355541 5.31886
0.147679 0.906035
0.494369 6.11444
0.160009 3.12002
0.997253 5.61377
0.493789 2.40497
0.48497 4.46709
0.368175 0.839113
0.975616 2.65272
0.761284 5.83103
0.458998 1.46634
0.867092 2.65387
0.916349 3.15281
0.677572 0.0245444
0.464644 1.8974
0.689749 4.20937
0.626453 3.87956
0.737663 3.34035
0.724052 0.985037
0.949431 5.9248
0.399335 4.9969
0.829218 1.59961
0.258095 4.02912
0.46437 1.21169
0.639698 4.57083
0.857387 5.42566
0.51149 2.05771
0.382916 2.39289
0.48851 5.63736
0.369915 0.762412
0.977844 4.02797
0.808527 3.78809
0.448195 4.42126
0.182134 6.21013
0.824488 6.19555
0.424635 1.34937
0.00735496 3.68876
0.00201422 4.69374
0.517655 5.46651
0.119846 6.01281
0.26603 0.96567
0.0550249 0.798653
0.447432 0.182741
0.612903 0.501052
0.560595 1.88954
0.70925 2.70602
0.55266 3.47438
0.0773949 2.94169
0.0886258 2.14553
0.100284 4.12788
0.946043 0.0609776
0.767296 4.81953
0.534227 0.81802
0.756432 3.94341
0.539079 3.5879
0.641346 3.17889
0.692587 1.17622
0.223395 0.6999
0.667196 0.861165
0.988647 1.40862
0.0954314 5.176
0.689688 5.96545
0.71453 2.90008
0.0531022 3.74418
0.635762 1.67918
0.611194 1.13135
0.739097 1.73844
0.659017 3.48665
0.192785 4.93861
0.336467 1.02991
0.0977508 2.62721
0.835444 2.63834
0.25721 5.11656
0.731651 4.45443
0.0711386 5.97044
0.441755 0.120805
0.555956 0.487629
0.805414 1.22646
0.488815 1.82626
0.792291 5.12787
0.677358 4.50697
0.334025 4.3994
0.354076 2.10929
0.281442 0.20997
0.695975 2.61207
0.486373 0.77641
0.469039 3.67687
0.00878933 4.89412
0.797784 3.27572
0.448866 1.96221
0.0597247 1.67995
0.403912 1.06807
0.905057 1.09069
0.0505081 1.16605
0.400952 2.91599
0.851497 2.88359
0.30137 2.68877
0.387921 5.40323
0.441328 1.48072
0.316233 0.99079
0.256661 2.39251
0.45024 4.86383
0.428358 4.68722
0.968047 1.02435
0.652211 1.85138
0.744224 5.11522
0.533311 2.43393
0.806787 5.5388
0.605579 4.54321
0.919187 2.7532
0.476302 5.69067
0.287423 2.22664
0.095645 3.99288
0.39201 5.03871
0.15128 3.30123
0.945067 2.40478
0.587756 3.40842
0.972228 5.54877
0.251076 0.467111
0.0198065 4.09892
0.658376 3.89911
0.486862 3.81302
0.89227 0.684752
0.0819422 5.39652
0.620441 5.26114
0.40553 6.09795
0.240242 0.246787
0.656728 5.23142
0.148167 0.479384
0.465468 1.05963
0.134312 1.59385
0.849513 4.17006
0.902127 1.64697
0.296457 4.51253
0.712607 1.53384
0.970794 5.19613
0.154149 3.04965
0.0458693 3.66441
0.0369579 4.59403
0.161077 1.93
0.412519 0.802296
0.00366222 1.88609
0.718192 4.95568
0.0159917 4.54686
0.0467238 6.19977
0.227393 0.645634
0.540849 6.09086
0.211249 2.8625
0.912656 2.51983
0.167089 0.294342
0.0883206 2.69644
0.127567 4.81896
0.977508 2.35895
0.290475 0.852728
0.36787 0.330391
0.475814 5.85251
0.944761 4.43296
0.707816 2.79461
0.43553 3.63028
0.921964 2.24658
0.879299 0.647168
0.79696 1.55071
0.0211798 4.53209
0.711905 4.4832
0.83227 2.01437
0.828272 0.859247
0.1536 1.90526
0.296793 0.328857
0.466201 1.74093
0.58977 0.985996
0.785302 2.33863
0.957823 5.88626
0.679983 1.14438
0.0120548 5.79249
0.417646 2.07554
0.431135 3.54667
0.23365 4.15664
0.793268 4.67073
0.725822 0.366057
0.533128 5.6084
0.373821 5.54263
0.0240791 4.74666
0.183874 0.252539
0.78515 4.79595
0.458235 4.25137
0.812922 0.247937
0.689688 3.07093
0.038667 0.178139
0.581103 4.20247
0.91055 4.7064
0.189917 2.95415
0.100253 4.23756
0.197821 2.50488
0.335459 1.4765
0.305094 0.183125
0.356548 5.95567
0.750237 2.80785
0.998779 1.07113
0.954527 1.97218
0.399213 3.01456
0.291482 3.52098
0.32899 4.24676
0.981445 4.40554
0.650075 2.58311
0.110996 4.88204
0.897427 2.78886
0.777764 5.78789
0.985961 3.25156
0.3596 3.46
0.0427259 5.43084
0.909391 1.14803
0.363811 2.10104
0.674398 5.50582
0.496384 0.939208
0.740928 1.87324
0.445692 1.77161
0.803797 2.60555
0.00720237 2.88244
0.0608539 5.07782
0.22364 4.96507
0.232612 3.88262
0.966826 0.150143
0.706565 0.673055
0.644856 2.66288
0.80694 5.36526
0.0341807 1.72099
0.189093 3.56796
0.236579 0.0456373
0.359142 3.33996
0.761101 6.0318
0.318461 4.18924
0.731162 4.71177
0.333079 1.41936
0.216681 1.76356
0.828455 0.682451
0.691 2.32904
0.408765 5.04503
0.612873 0.0425693
0.00167852 5.98079
0.13358 1.40364
0.127628 3.42222
0.928983 3.80957
0.294595 4.60803
0.156468 2.64907
0.517441 1.72233
0.537034 2.32213
0.962554 3.7296
0.562304 6.055
0.717246 3.01801
0.826594 3.35664
0.68453 2.52194
0.48381 5.38866
0.602405 2.78579
0.829737 2.57621
0.188543 5.52442
0.00878933 1.54783
0.409711 2.25771
0.846248 3.16738
0.87637 4.57466
0.805139 3.34552
0.362163 2.92328
0.0683615 4.05827
0.448531 4.72768
0.74575 3.1624
0.294137 1.03221
0.205969 0.703352
0.529496 6.19057
0.533708 2.86576
0.276406 0.94592
0.111545 4.7202
0.29252 5.1085
0.327128 2.02779
0.240944 3.35645
0.405103 0.690504
0.0846583 0.633362
0.364177 4.99441
0.606159 6.07168
0.0991852 3.49605
0.0518204 1.99251
0.588153 2.82089
0.90173 4.80131
0.224067 2.55377
0.763787 4.14092
0.272347 5.47418
0.393628 0.224927
0.452467 0.301436
0.839045 1.11275
0.645222 4.91752
0.709311 5.06172
0.724723 0.416297
0.569994 5.65749
0.515305 1.0301
0.462355 0.870944
0.873745 2.31715
0.547868 6.04158
0.896115 2.39174
0.877834 1.67247
0.249977 1.94975
0.287729 4.5342
0.631336 1.93556
0.417005 4.46421
0.346599 5.13899
0.85345 5.62528
0.019715 2.86614
0.4026 2.57506
0.424207 3.24063
0.482681 4.24542
0.440077 0.595586
0.643635 5.29987
0.136021 5.34436
0.211982 5.40016
0.976318 2.37832
0.0603351 0.984846
0.152867 1.35781
0.501755 6.1062
0.0423292 2.96355
0.309397 1.79635
0.788141 0.492806
0.861141 2.45924
0.00726341 4.23085
0.408826 0.523295
0.622761 0.634512
0.473128 2.98752
0.820215 3.40842
0.362865 2.7787
0.130253 1.69222
0.819605 4.30237
0.635365 0.141898
0.787194 2.65253
0.301828 0.102972
0.306223 4.45117
0.437025 3.56355
0.533708 2.34591
0.271126 2.18215
0.887509 3.70257
0.66451 1.66078
0.315775 0.391177
0.939451 6.06018
0.691733 5.33209
0.837336 6.04464
0.332957 5.00304
0.600604 2.46729
0.646107 3.84005
0.179937 2.46883
0.896237 3.44792
0.566057 0.651962
0.101566 4.58847
0.246956 1.88225
0.0528275 0.529048
0.789819 4.03392
0.457961 5.73496
0.548082 3.51292
0.211402 0.521953
0.493454 4.70544
0.788903 5.30256
0.173009 1.93863
0.766839 1.67631
0.791162 3.0671
0.466842 1.96413
0.416639 0.437773
0.725394 3.28531
0.314646 2.33
0.788141 2.11255
0.403851 5.49144
0.329661 0.187151
0.838313 3.01705
0.597858 1.79462
0.714621 2.43661
0.683554 2.40056
0.903958 3.74955
0.915006 0.0640457
0.00897244 0.233364
0.377331 4.49393
0.446089 2.03163
0.557268 6.05001
0.65215 0.834703
0.112522 5.2203
0.416791 1.32003
0.76635 2.04256
0.339305 6.25519
0.327067 2.01936
0.410688 5.52499
0.832667 0.827608
0.720756 0.505654
0.820185 4.37044
0.289987 0.946303
0.72042 2.49011
0.0268258 0.646401
0.377361 3.15971
0.809503 1.04218
0.69277 1.48149
0.693075 1.02147
0.39555 2.88359
0.241554 3.23085
0.936613 6.25615
0.984985 5.46152
0.50795 3.58406
0.0011597 2.24352
0.187658 2.35569
0.623127 2.93575
0.209082 1.63297
0.270791 3.47534
0.355541 3.46268
0.408216 6.03717
0.479843 3.08531
0.625568 4.92135
0.148656 1.91773
0.846095 1.50105
0.412366 5.61454
0.658162 4.2458
0.69924 0.922526
0.772485 1.25771
0.835231 5.58022
0.60387 5.84963
0.188299 2.75857
0.978393 5.51771
0.938261 5.09815
0.965484 2.80727
0.470809 3.28838
0.834803 3.55664
0.89761 0.2581
0.138401 2.78407
0.70043 5.30908
0.917783 5.91828
0.500839 0.760111
0.0357067 3.68953
0.954711 0.486287
0.633503 1.21553
0.771752 5.56584
0.712912 0.745537
0.860012 1.55723
0.843196 0.900091
0.595508 3.68416
0.993164 6.12135
0.216559 5.41569
0.488174 2.34783
0.343577 0.0899324
0.0921964 5.7365
0.623402 0.181015
0.21482 2.20958
0.498856 3.94322
0.243324 4.02912
0.103336 3.6832
0.999664 3.48186
0.280404 4.24063
0.322428 5.89143
0.728111 1.41514
0.774163 3.72424
0.268746 2.01782
0.473006 4.88837
0.243202 3.86824
0.0499893 2.12808
0.0306406 4.85136
0.73104 2.89318
0.692984 3.33421
0.54387 0.303354
0.744316 2.5112
0.650197 4.58943
0.0455641 6.10754
0.802576 3.06211
0.824122 5.44561
0.926634 5.68971
0.818049 1.85349
0.827937 0.355127
0.545885 1.58369
0.0241096 0.00441033
0.701132 2.09433
0.701926 5.7574
0.671743 1.10392
0.799097 5.36066
0.184576 3.29432
0.211554 0.702585
0.0750755 5.80284
0.12537 1.55378
0.181799 0.211888
0.473891 4.38617
0.365764 3.59691
0.519578 0.250622
0.655141 5.53535
0.561174 5.43372
0.514817 0.725595
0.765709 1.79021
0.24073 0.400765
0.125584 0.386191
0.479659 3.68512
0.540483 2.2531
0.873562 4.29509
0.0244758 0.76874
0.829127 1.16586
0.0381176 0.530774
0.412397 0.440841
0.945311 2.45962
0.368206 2.53594
0.595447 5.39326
0.26484 5.69872
0.030488 5.32576
0.763421 0.927895
0.316874 4.85827
0.0123905 2.23604
0.50264 1.44084
0.167364 5.44024
0.699362 4.67725
0.0353099 1.14534
0.289346 1.00498
0.844264 4.2226
0.257485 3.98694
0.13773 5.53017
0.648396 1.71255
0.794397 2.96202
0.148381 2.37755
0.172521 5.00687
0.792566 2.10507
0.379559 0.534225
0.796747 0.679382
0.666524 1.62358
0.514695 2.35588
0.947783 2.35588
0.519883 1.74764
0.445265 4.36239
0.812769 5.05635
0.458388 2.32041
0.152654 4.96392
0.258217 4.79077
0.514817 3.43373
0.107181 2.43297
0.672506 0.739401
0.403607 2.981
0.903989 0.987339
0.95117 1.02914
0.824488 2.71638
0.353496 2.01207
0.343394 5.99057
0.533677 6.12787
0.746178 4.57025
0.378796 2.47189