0.0396741 5.1016e-05
0.021363 0.115482
0.0518815 0.0713131
0.134281 0.0594264
0.0915555 0.00974406
0.100711 0.0569339
0.0915555 0.0363416
0.119022 0.0620245
0.061037 0.0178483
0.125126 0.0482138
0.0549333 0.0196849
0.112918 0.0328179
0.167852 0.016981
0.00915555 0.0579323
0.149541 0.015804
0.11597 0.030012
0.186163 0.00624946
0.0061037 0.104488
0.0976592 0.0243419
0.137333 0.0164891
0.106815 0.041374
0.122074 0.00490847
0.00305185 0.100891
0.00305185 0.0698956
0.1648 0.0506042
0.0915555 0.0929366
0.1648 0.0284924
0.0885037 0.0630522
0.119022 0.0890885
0.186163 0.00678149
0.11597 0.0447265
0.170904 0.0152611
0.0824 0.0470331
0.0427259 0.0830359
0.100711 0.00967118
0.0885037 0.0625566
0.122074 0.0107243
0.0762963 0.00439102
0.119022 0.0838813
0.161748 0.0354707
0.0671407 0.0527651
0.0061037 0.0161539
0.0793481 0.011843
0.0366222 0.024003
0.0671407 0.0531623
0.061037 0.109356
0.143437 0.0916831
0.0976592 0.0397852
0.125126 0.0725994
0.0976592 0.0931188
0.11597 0.0103963
0.0640889 0.0270749
0.0396741 0.0847267
0.0061037 0.0340568
0.122074 0.103238
0.0824 0.05681
0.0396741 0.0516719
0.0061037 0.0141788
0.167852 0.0114203
0.0946074 0.0150206
0.109867 0.00873103
0.170904 0.0210842
0.167852 0.00845773
0.0427259 0.0775516
0.0793481 0.0476781
0.0824 0.100341
0.0854518 0.0465412
0.0396741 0.0537855
0.112918 0.083597
0.0824 0.0679242
0.103763 0.0621958
0.0885037 0.0474631
0.140385 0.0812722
0.152593 0.0065009
0.0244148 0.0501159
0.0854518 0.105312
0.146489 0.00768155
0.00915555 0.0227896
0.1648 0.0400439
0.021363 0.107126
0 0.0245679
0.119022 0.0357549
0.0122074 0.0625639
0.183111 0.0230447
0.0488296 0.0929949
0.170904 0.0131767
0.109867 0.034567
0.0457778 0.0308829
0.173956 0.0281718
0.106815 0.119101
0.0976592 0.0525465
0.0427259 0.0172288
0.0762963 0.0449961
0.0518815 0.0657196
0 0.070198
0.0701926 0.0995833
0.0579852 0.107793
0.0854518 0.117614
0 0.0973313
0.0152593 0.106609
0.122074 0.0441507
0.0671407 0.117821
0.0122074 0.0906883
0.155644 0.037832
0.0488296 0.0222685
0.0671407 0.067691
0.192267 0.00730622
0.140385 0.0195756
0.0671407 0.0179868
0.0183111 0.0728217
0.143437 0.0468655
0.00305185 0.0863009
0.0335704 0.0844752
0.0244148 0.00679971
0.155644 0.0489499
0.0793481 0.0733574
0 0.0842748
0.125126 0.0481591
0.021363 0.110759
0.167852 0.028722
0.112918 0.0480316
0.149541 0.00853061
0.143437 0.0205485
0.0396741 0.0796724
0.0183111 0.0580635
0.122074 0.00472627
0.149541 0.0465412
0.0122074 0.0849198
0.0457778 0.056584
0.207526 0.00835934
0.0122074 0.0545871
0.0640889 0.0405432
0.0579852 0.04078
0.0366222 0.108799
0.0732444 0.108467
0.061037 0.00600531
0.11597 0.00425619
0.100711 0.00354561
0.134281 0.0922114
0.0976592 0.114527
0.143437 0.0777484
0.0824 0.000287876
0.0732444 0.100917
0.134281 0.00627133
0.122074 0.031936
0.0305185 0.0447629
0.0885037 0.0381855
0.134281 0.0166786
0.0915555 0.0128305
0.143437 0.0405504
0.0762963 0.0098716
0.11597 0.0691959
0.183111 0.00411408
0.1648 0.0413849
0.0366222 0.0510634
0.00305185 0.114863
0.0976592 0.0921896
0.0366222 0.117515
0.13123 0.0243893
0.0854518 0.0199983
0.00305185 0.0147983
0.119022 0.0777739
0.100711 0.0505714
0.119022 0.0862353
0.109867 0.0531878
0.0946074 0.0294654
0.0122074 0.0557314
0.0335704 0.0869058
0.0824 0.0140658
0.146489 0.0655665
0.134281 0.0942667
0.103763 0.0400877
0.119022 0.0373838
0.0762963 0.0603192
0.00915555 0.0120544
0.0366222 0.0448176
0.0366222 0.0196667
0.0152593 0.00519635
0.0396741 0.00357841
0.11597 0.0470914
0.0396741 0.0814434
0.0549333 0.0918361
0.0183111 0.0813487
0.0579852 0.114141
0.128178 0.00884399
0.106815 0.0777921
0.137333 0.0566642
0.183111 0.00760139
0.0396741 0.110155
0.00305185 0.112826
0.106815 0.0529583
0.0579852 0.0260874
0.0732444 0.00321036
0.106815 0.0851202
0.13123 0.0671662
0.0396741 0.110184
0.0793481 0.0502726
0.0640889 0.058202
0.0518815 0.0531951
0.128178 0.0401715
0.177007 0.0290755
0.146489 0.0294945
0 0.00051016
0.103763 0.0870406
0.106815 0.0486073
0.134281 0.0400949
0.0732444 0.0464282
0.00305185 0.033984
0.137333 0.0299719
0.180059 0.00402662
0.0061037 0.0326393
0.0183111 0.0605086
0.0427259 0.00562269
0.0457778 0.0836808
0.0915555 0.0653041
0.0671407 0.0499046
0.173956 0.00143574
0.021363 0.00249978
0.173956 0.00632599
0.170904 0.0403318
0.216681 0.00108956
0.0762963 0.059481
0.0122074 0.0578267
0.0427259 0.0342609
0.125126 0.0336888
0.0396741 0.109837
0.0335704 0.0662188
0.0183111 0.0339657
0.0518815 0.0603374
0.00305185 0.0387977
0.0152593 0.0798765
0.109867 0.0919236
0.0061037 0.0231175
0.0640889 0.0585445
0.0061037 0.105957
0.021363 0.0177645
0.0671407 0.0538693
0.0427259 0.060443
0.0152593 0.0689809
0.103763 0.0283102
0.0671407 0.0623634
0.0732444 0.0955129
0.161748 0.0440414
0.0671407 0.0755256
0.13123 0.0329053
0.109867 0.108238
0.0732444 0.00252529
0.21363 0.00690538
0.128178 0.119261
0.00305185 0.0388195
0.146489 0.0427514
0.0457778 0.0204501
0.119022 0.110111
0.103763 0.0950683
0.0824 0.0974005
0.161748 0.0247173
0.0274667 0.102258
0.1648 0.0282665
0.119022 0.0749389
0.192267 0.00849781
0.143437 0.0556876
0.0305185 0.0640105
0.137333 0.0424927
0.0762963 0.00112235
0.0305185 0.00573566
0.0366222 0.0732444
0.0244148 0.0430065
0.00915555 0.00661751
0.11597 0.0937674
0.0457778 0.104637
0.125126 0.118886
0.0701926 0.041272
0 0.0212664
0.0152593 0.0251582
0.122074 0.00978414
0.0579852 0.0527141
0.146489 0.0673011
0.103763 0.0310797
0.0579852 0.0114677
0.122074 0.0875909
0.0427259 0.110162
0.134281 0.0732153
0.0152593 0.111608
0.143437 0.0770633
0.128178 0.0882614
0.128178 0.0218494
0.0762963 0.088101
0.0793481 0.0435312
0.0885037 0.026306
0.0305185 0.0721767
0.00915555 0.0464209
0.0488296 0.0139711
0.119022 0.00485017
0.106815 0.104663
0.155644 0.0415926
0.11597 0.0473101
0.119022 0.0019459
0.0824 0.0505751
0.0640889 0.0319287
0.155644 0.00183293
0.0854518 0.0642583
0.177007 0.0104036
0.0824 0.00962745
0.137333 0.0550499
0.0274667 0.0967519
0.0488296 0.0664447
0.167852 0.00371324
0.0122074 0.0593098
0.0305185 0.108835
0.021363 0.0252056
0.0274667 0.00623853
0.0915555 0.0542592
0.0488296 0.0842894
0.0793481 0.0485454
0 0.0846793
0.0762963 0.0708612
0.0946074 0.0502654
0.0732444 0.0615946
0.106815 0.0513476
0.0640889 0.0227932
0.11597 0.115759
0.161748 0.0566241
0.140385 0.0270531
0.0518815 0.0807
0.0762963 0.0931771
0.0824 0.0774642
0.146489 0.0157312
0.143437 0.0190618
0.146489 0.0660767
0.128178 0.107192
0.119022 0.027873
0.0915555 0.0472882
0.103763 0.051825
0.119022 0.0617148
0.0762963 0.00850874
0.100711 0.0434729
0.0152593 0.0402771
0.0488296 0.077435
0.0549333 0.113325
0.0762963 0.100862
0.112918 0.0760685
0.0701926 0.0403719
0.112918 0.0183147
0.0152593 0.0881812
0.177007 0.0107534
0.186163 0.00301723
0.0122074 0.00852332
0.0793481 0.0606763
0.0061037 0.0867236
0.0701926 0.108373
0.0488296 0.111412
0.0274667 0.0519853
0.0274667 0.018486
0 0.0288605
0.00915555 0.100531
0.0122074 0.0640142
0.0824 0.101482
0.143437 0.0509249
0.0152593 0.0349715
0.0793481 0.0557204
0.0061037 0.0782622
0.122074 0.0859328
0.0732444 0.101526
0.0976592 0.0134281
0.149541 0.0257558
0.0152593 0.105541
0.0640889 0.0707665
0.106815 0.113777
0.0152593 0.0845007
0.149541 0.0153449
0.122074 0.0790275
0.0061037 0.0666925
0.021363 0.0328361
0.0061037 0.0770415
0.0518815 0.0268599
0.155644 0.0498791
0.149541 0.0302416
0.0701926 0.0378393
0.0152593 0.0940007
0.0244148 0.0821212
0.0549333 0.0458889
0.0427259 0.0828209
0.149541 0.0321109
0.0701926 0.00366587
0.112918 0.0166057
0.0824 0.0287694
0.0427259 0.0130637
0.061037 0.023318
0.146489 0.0669731
0.152593 0.0387977
0.0396741 0.0400111
0.0427259 0.0491394
0.0183111 0.0695166
0.0824 0.00338528
0.170904 0.0243565
0.0457778 0.0682376
0.0152593 0.0789036
0.0061037 0.0660767
0.1648 0.0411007
0.13123 0.061037
0.0335704 0.0693854
0.0335704 0.0990622
0.0366222 0.051118
0.0549333 0.0945363
0.103763 0.0184241
0.0274667 0.0448431
0.0946074 0.0172543
0.140385 0.0839068
0.180059 0.00248885
0.0427259 0.0454516
0.0305185 0.0910599
0.109867 0.110512
0.021363 0.0315971
0.0305185 0.106478
0.11597 0.0240796
0.0396741 0.0496641
0.0305185 0.0144339
0.140385 0.0193168
0.0457778 0.0905243
0.186163 0.0240176
0.119022 0.0378357
0.0640889 0.0698774
0.0671407 0.079851
0.1648 0.0332624
0.0793481 0.021977
0.0793481 0.115948
0.0396741 0.0199363
0.13123 0.100268
0.140385 0.0672172
0.0518815 0.07202
0.0671407 0.0966025
0.146489 0.0886002
0.061037 0.0569011
0.0366222 0.0733173
0.0579852 0.0998055
0.134281 0.0489717
0.146489 0.0267215
0.0122074 0.0212919
0.177007 0.0141278
0.0518815 0.105825
0.158696 0.0216636
0.189215 0.00746656
0.0640889 0.0824929
0.0579852 0.0956222
0.0152593 0.0106259
0.122074 0.0719253
0.0762963 0.0351755
0.106815 0.117195
0.0488296 0.105038
0.0396741 0.00911365
0.0335704 0.0452148
0.0122074 0.0509796
0.1648 0.00627861
0.0549333 0.072082
0.0854518 0.0557386
0.152593 0.00205522
0.143437 0.0753944
0.1648 0.0176479
0.161748 0.00905899
0.0579852 0.0503565
0.0579852 0.0053166
0.0122074 0.0957133
0.170904 0.0307991
0.0915555 0.0633546
0.100711 0.095185
0.0427259 0.0487713
0.109867 0.00988253
0.134281 0.0436005
0.00305185 0.0954072
0.0885037 0.0719472
0.100711 0.0259198
0.0396741 0.063504
0.0885037 0.0227094
0.140385 0.0322931
0.0976592 0.0516355
0.125126 0.09063
0.122074 0.0457031
0.0457778 0.0883197
0.0274667 0.0702272
0.0122074 0.100101
0.189215 0.0119305
0.0457778 0.0595721
0.146489 0.0474413
0 0.059379
0.0488296 0.00372053
0.177007 0.0249687
0.0701926 0.0438774
0.125126 0.0204064
0.128178 0.00184751
0.0457778 0.111721
0.122074 0.0883233
0.0335704 0.109287
0.0396741 0.0942448
0.134281 0.026368
0.0488296 0.0731934
0.00305185 0.0298298
0.100711 0.115012
0.11597 0.102036
0.177007 0.0308866
0.128178 0.0846283
0.146489 0.0289334
0.0152593 0.0757151
0.167852 0.0380434
0.180059 0.0197833
0.0457778 0.0445224
0.134281 0.00717868
0.140385 0.0139893
0.161748 0.0313566
0.0061037 0.0358643
0.0183111 0.0686676
0.149541 0.0364254
0.0061037 0.0881192
0.112918 0.0962891
0.0305185 0.0215834
0.0122074 0.117821
0.0366222 0.0594592
0.0122074 0.0268271
0.0183111 0.0997582
0.152593 0.035529
0.0427259 0.0391366
0.106815 0.0255882
0.152593 0.0364947
0.158696 0.037515
0.0183111 0.0142335
0.0549333 0.0761159
0.0946074 0.0668456
0.0885037 0.103821
0.128178 0.108435
0.109867 0.0320308
0.103763 0.0687004
0.0915555 0.0103745
0.1648 0.0288204
0.112918 0.0803867
0.146489 0.0539895
0.137333 0.0758973
0.1648 0.0456411
0.0671407 0.104914
0.0549333 0.0673047
0.0335704 0.112949
0.061037 0.0207489
0.0732444 0.100035
0.0915555 0.0986322
0.0183111 0.0610552
0 0.01607
0.0549333 0.0706025
0.0732444 0.00357112
0.137333 0.00960194
0.0946074 0.107593
0.146489 0.0640761
0.13123 0.110424
0.0518815 0.0330875
0.137333 0.00152684
0.0152593 0.0930022
0.119022 0.109058
0.0488296 0.0128342
0.0854518 0.0621011
0.109867 0.041046
0.0122074 0.0425874
0.00305185 0.0185771
0.125126 0.0472263
0.0274667 0.0887278
0.0457778 0.0973714
0.143437 0.0710325
0.0152593 0.0998201
0.0946074 0.109131
0.0152593 0.0325264
0.0671407 0.0578084
0.125126 0.0857871
0.119022 0.113853
0.149541 0.049296
0.0946074 0.0492487
0.112918 0.0343156
0.112918 0.095706
0.0305185 0.0152319
0.241096 4.0084e-05
0.021363 0.0916102
0.0427259 0.0785683
0.119022 0.0397488
0 0.116163
0.1648 0.0129872
0 0.0626294
0.134281 0.04336
0.122074 0.0270239
0.152593 0.0435495
0.103763 0.00919017
0.103763 0.0147509
0.109867 0.0554398
0.0762963 0.0719362
0.0396741 0.0133334
0.109867 0.00934686
0.0762963 0.10119
0.0854518 0.0163543
0.167852 0.00122438
0.00305185 0.0531004
0.0976592 0.0445005
0.0488296 0.0190435
0.167852 0.00354197
0.112918 0.0102797
0.0518815 0.00290791
0.0946074 0.0244585
0.0305185 0.0877293
0.146489 0.00319214
0.11597 0.0605524
0.122074 0.00137379
0.0488296 0.0925941
0.152593 0.0663609
0.158696 0.0564674
0.0915555 0.0189342
0.134281 0.0416947
0 0.010553
0.0579852 0.0298444
0.112918 0.109225
0.109867 0.0342135
0.1648 0.0254242
0.0518815 0.0315971
0.0274667 0.101795
0.0518815 0.0417311
0.155644 0.0624254
0.0885037 0.109856
0.0183111 0.00466068
0.0274667 0.067425
0.125126 0.00104583
0.0854518 0.103413
0.0793481 0.0549698
0.11597 0.113715
0.0183111 0.101959
0.0274667 0.0609969
0 0.0901016
0.149541 0.0210878
0.100711 0.0448285
0.134281 0.0308538
0.021363 0.0940189
0.0335704 0.0192185
0.0579852 0.0300739
0.0640889 0.0735396
0.0671407 0.0161174
0 0.0816183
0.122074 0.0621011
0.0946074 0.0792279
0.13123 0.0760066
0.0579852 0.119104
0.0579852 0.0774532
0.100711 0.0115333
0.140385 0.047055
0.0976592 0.0034618
0.140385 0.0397488
0.21363 0.00581947
0.122074 0.00400111
0.155644 0.0613832
0.0183111 0.0814434
0.061037 0.00607819
0.0244148 0.0958117
0.112918 0.0128815
0.0427259 0.0828937
0.0152593 0.0920292
0.158696 0.0396613
0.1648 0.0337179
0.155644 0.0437608
0.021363 0.0013082
0.137333 0.0678149
0.109867 0.0521201
0.0488296 0.0670824
0.0152593 0.0184532
0.1648 0.00540405
0.112918 0.0988982
0.061037 0.0178957
0.128178 0.0460383
0.0854518 0.036327
0.100711 0.110442
0.0824 0.0301359
0.0122074 0.0272061
0.109867 0.077446
0.0549333 0.103686
0 0.106922
0.0488296 0.0593717
0.0274667 0.0323369
0.137333 0.0687368
0.021363 0.0264591
0.0671407 0.100177
0.13123 0.0502107
0.0457778 0.0677857
0.119022 0.0872046
0.112918 0.00827188
0.0396741 0.0944379
0.106815 0.000830832
0.0122074 0.0587887
0.0396741 0.0367498
0.0854518 0.100724
0.0701926 0.114294
0.109867 0.0934358
0.122074 0.0574878
0.0701926 0.091264
0.0061037 0.03511
0.0762963 0.0254752
0.0915555 0.0430757
0.152593 0.0126738
0.155644 0.0313093
0.143437 0.0306643
0.0488296 0.0430466
0.149541 0.0750774
0.0274667 0.0801717
0.103763 0.00645717
0.0274667 0.101365
0.122074 0.116947
0.0396741 0.00458415
0.119022 0.0688643
0.13123 0.00715317
0.137333 0.0126702
0.0976592 0.108471
0.0152593 0.118139
0.128178 0.0127576
0.125126 0.056544
0.134281 0.0649252
0.128178 0.0703292
0.0549333 0.0963948
0.13123 0.0305695
0.189215 0.00733173
0.155644 0.0276325
0.189215 0.00326867
0.061037 0.0772747
0.0915555 0.0856085
0.0518815 0.104648
0.0488296 0.0732918
0.137333 0.0957352
0.146489 0.0210004
0.0701926 0.101719
0.158696 0.00012754
0.0274667 0.10295
0.0335704 0.117257
0.0244148 0.107637
0.125126 0.00769249
0.0244148 0.0365457
0.0335704 0.0116535
0.0824 0.0635988
0.0579852 0.112949
0.0671407 0.0725484
0.0762963 0.110967
0.155644 0.0328033
0.021363 0.0852186
0.0885037 0.0170576
0.0305185 0.0874123
0.0549333 0.0349642
0.112918 0.116688
0.134281 0.0186646
0.109867 0.0277892
0.00915555 0.0521639
0.0640889 0.080762
0.0518815 0.0457322
0.0976592 0.0766005
0.0946074 0.108263
0.128178 0.0708029
0.0824 0.0441544
0.122074 0.0959393
0.061037 0.0789509
0.0152593 0.0412792
0.149541 0.0802664
0.128178 0.0878751
0.0915555 0.0397743
0.0885037 0.0207562
0.0122074 0.0811118
0.0701926 0.101489
0.11597 0.0454698
0.0488296 0.0800259
0.0305185 0.0864102
0.140385 0.0449597
0.061037 0.0160919
0.106815 0.0811082
0.0732444 0.0759701
0.00915555 0.0208437
0.0915555 0.0589563
0.161748 0.0197177
0.0457778 0.0616273
0.0152593 0.0587267
0.0579852 0.0909652
0.106815 0.033492
0.0244148 0.000732444
0.125126 0.0859183
0.0244148 0.0586611
0.021363 0.000761596
0.0061037 0.0522951
0.0640889 0.057393
0.100711 0.0740825
0.0854518 0.0491612
0.0488296 0.0137415
0.122074 0.072665
0.0152593 0.0431012
0.100711 0.113901
0.0671407 0.0755839
0.00915555 0.0559427
0.106815 0.00195318
0.103763 0.041527
0.0640889 0.0367716
0.143437 0.0579141
0.00915555 0.0472044
0.19837 0.00658107
0.0854518 0.0402808
0.0976592 0.0114895
0.0122074 0.0472918
0.146489 0.025938
0.0762963 0.0924337
0.0122074 0.0629793
0.0457778 0.0617695
0.0549333 0.0997327
0.0152593 0.110672
0.0335704 0.0765714
0.109867 0.0912859
0.137333 0.0539895
0.0701926 0.0323405
0.0732444 0.0328835
0 0.0831342
0.259407 0.000269656
0.0732444 0.00538948
0.0488296 0.0492633
0.13123 0.0700778
0.0885037 0.0945545
0.061037 0.0647065
0.0640889 0.0762981
0.0305185 0.00963109
0.0762963 0.0636498
0.0488296 0.0876419
0.1648 0.00132277
0.0824 0.10103
0.0640889 0.0373838
0.106815 0.0928637
0.143437 0.00323223
0.00915555 0.119367
0.0579852 0.0646628
0.122074 0.046523
0.0427259 0.0945072
0.11597 0.0381928
0.0701926 0.0451565
0.134281 0.106591
0.061037 0.0969523
0.00305185 0.100695
0.0671407 0.105231
0.0854518 0.0922406
0.0885037 0.0408893
0.0488296 0.0671735
0.109867 0.0469858
0.0762963 0.0150133
0.0793481 0.00164709
0.125126 0.0733428
0.0915555 0.0892452
0.021363 0.0366769
0.0122074 0.0537053
0.100711 0.109346
0.134281 0.0715281
0.0396741 0.0417202
0.0427259 0.0390528
0.0640889 0.115118
0.137333 0.0905425
0.0122074 0.109976
0.13123 0.107385
0.0061037 0.0204465
0.0915555 0.0509614
0.128178 0.0814762
0.0640889 0.0410205
0.125126 0.028558
0.140385 0.106944
0.0824 0.054445
0.100711 0.0772929
0.0549333 0.0545106
0.0915555 0.056759
0.0701926 0.0461841
0.0061037 0.0689336
0.0122074 0.0341297
0.0122074 0.0973203
0.0335704 0.103468
0.0579852 0.100658
0.0427259 0.0476235
0.0244148 0.0859948
0.0640889 0.0224762
0.0793481 0.0126046
0.19837 0.00354197
0.143437 0.0619262
0.0457778 0.104944
0.0366222 0.1067
0.146489 0.0531988
0.13123 0.0345816
0.0549333 0.0687186
0.128178 0.0200347
0.231941 0.00331969
0.103763 0.105195
0.0824 0.0742647
0.0061037 0.0948278
0.177007 0.0328397
0.0427259 0.00181836
0.13123 0.0396795
0.0915555 0.0239484
0.170904 0.0288168
0.0457778 0.0617549
0.0640889 0.0957826
0.0244148 0.0146671
0.0915555 0.0948934
0.0885037 0.110413
0.122074 0.0808604
0.173956 0.0108883
0.119022 0.109794
0.103763 0.0727999
0.11597 0.0860276
0.0061037 0.05032
0.0518815 0.0495147
0.0946074 0.0841145
0.128178 0.101015
0.140385 0.0675707
0.137333 0.0380725
0.140385 0.0229426
0.119022 0.0296148
0.103763 0.0755073
0.0762963 0.080383
0.149541 0.000757952
0.103763 0.0658617
0.0640889 0.0178702
0.0183111 0.0950574
0.0671407 0.0709378
0.100711 0.109622
0.021363 0.0351755
0.134281 0.065807
0.0396741 0.0637409
0.0579852 0.118477
0.146489 0.051723
0.137333 0.00238318
0.161748 0.0267324
0.152593 0.0169774
0.0061037 0.0781966
0.061037 0.00985338
0.146489 0.00156328
0.00305185 0.0771581
0.0854518 0.116925
0.100711 0.0995177
0.109867 0.0405213
0.112918 0.112093
0.061037 0.105935
0.00915555 0.0271733
0.125126 0.0943031
0.216681 0.00517813
0.134281 0.00691267
0.146489 0.0886112
0.0946074 0.00958737
0.00915555 0.114644
0.00305185 0.0795668
0.0122074 0.0510707
0.0366222 0.0846757
0.103763 0.0328507
0.11597 0.114498
0.210578 0.00640251
0.177007 0.0281171
0.061037 0.0775115
0.1648 0.0352266
0.00915555 0.0429482
0.0152593 0.0106478
0.0579852 0.0658908
0.0244148 0.0216563
0.119022 0.0985812
0.158696 0.0107024
0.0488296 0.0367024
0.0396741 0.0616419
0.0366222 0.00519635
0.109867 0.0958737
0.137333 0.0457286
0.0824 0.110267
0.0701926 0.0893218
0.140385 0.0770342
0.0335704 0.0276944
0.122074 0.0297423
0.134281 0.013552
0.0549333 0.00608913
0.125126 0.0340386
0.152593 0.0236787
0.0122074 0.045878
0.00305185 0.0445516
0.0305185 0.0601479
0.0793481 0.0961543
0.0549333 0.00148311
0.0244148 0.10537
0.140385 0.00556075
0.119022 0.0566351
0.0579852 0.0901854
0.0122074 0.088531
0.0305185 0.00160336
0.134281 0.0894274
0.106815 0.112348
0.158696 0.0164709
0.0671407 0.084989
0.158696 0.0459691
0.137333 0.0832873
0.0427259 0.0205084
0.149541 0.0818188
0.152593 0.00969669
0.0824 0.0412865
0.0152593 0.0432543
0.0671407 0.00277673
0.11597 0.0102542
0.0152593 0.0497989
0.0824 0.0145614
0.125126 0.117639
0.106815 0.0220535
0.0366222 0.0598163
0.0427259 0.0546345
0.0457778 0.0838558