0.643635 0.644455
1.03347 0.0148767
0.339213 0.12715
0.113071 0.893743
0.187002 0.492344
1.09223 0.224494
0.0565355 0.309811
0.0913266 0.346241
0.0521867 0.99047
0.565355 0.664886
0.0695822 0.970874
0.674078 0.212216
1.01303 0.0941901
0.339213 0.850181
0.0217444 0.985651
0.495773 0.660035
0.230491 0.194451
0.0956755 0.934991
0.639286 0.430118
0.326167 0.0715097
0.404447 0.563083
0.147862 0.930333
0.256584 0.43015
0.504471 0.336603
0.447935 0.734918
1.04386 0.122724
0.0739311 0.54914
0.604495 0.0361403
0.460982 0.632472
0.500122 0.0624826
0.739311 0.273703
0.487075 0.321633
0.0130467 0.736396
1.43595 0.102492
0.656682 0.59842
0.884399 0.371571
0.884399 0.0511098
0.70452 0.016737
0.795846 0.42636
0.360958 0.578567
0.31312 0.0116934
0.543611 0.734789
0.239189 0.577314
0.269631 0.793192
0.15656 0.876427
0.143513 0.843146
0.134816 0.308912
0.187002 0.123552
0.717566 0.370173
0.443587 0.522638
0 0.252501
0.70452 0.618883
0.265282 0.654477
0.382702 0.202804
0.452284 0.807745
0.452284 0.0726662
0.74366 0.0239008
0.304422 0.572848
0.0521867 0.461922
0.200049 0.790976
1.05967 0.0922044
0.478378 0.470338
0.769753 0.535809
0.857413 0.00494619
0.382702 0.423115
0.482727 0.0718952
0.591449 0.0499219
0.539262 0.407952
0.295724 0.809319
0.0347911 0.935633
0.0434889 0.10916
0.269631 0.834601
0.848509 0.384841
0.474029 0.528034
0.226142 0.267728
0.15656 0.106718
0.382702 0.339045
0.74366 0.172606
1.65407 0.00565943
1.32043 0.0943929
0.474029 0.428448
0.0826289 0.197439
0.374004 0.406956
0.465331 0.523184
0.291375 0.950089
0.169607 0.615093
0.291375 0.681944
0.613193 0.111601
0.330515 0.724927
1.2821 0.0617938
0.0521867 0.139678
0.108722 0.436158
0.656682 0.703789
0.613193 0.389416
1.41629 0.0119139
0.108722 0.476346
0.0608844 0.542298
1.03865 0.232633
0.0478378 1.03965
0.217444 0.793706
0.600146 0.553799
0.295724 0.9374
0.879871 0.28421
0.62624 0.0102157
0.269631 0.313891
0.949357 0.33452
0.813274 0.45334
0.857413 0.490393
1.09223 0.215159
0.0739311 0.767524
0.66538 0.645065
0.134816 0.571114
0.421842 0.603078
0.787149 0.140514
0.661031 0.53825
1.29711 0.19154
0.317469 0.794766
0.113071 0.238366
0.804548 0.517489
0.252235 0.901774
0.104373 0.959213
0.0652333 0.522124
0.0434889 0.817543
0.187002 0.010055
0.504471 0.822618
0.708869 0.599191
0.226142 0.437796
1.22572 0.046793
0.269631 0.670861
0.160909 0.984077
0.421842 0.10871
0.139164 0.171482
0.23484 0.53099
0.27398 0.896216
1.23932 0.0812654
0.182653 0.43937
0.661031 0.418168
0.70452 0.222078
0.0521867 0.505483
1.02832 0.255228
0.408795 0.249995
1.48919 0.118457
0.0913266 0.347172
0.378353 0.372743
0 0.839388
1.18662 0.0856129
1.72992 0.0211377
0.634938 0.383537
0.787149 0.434134
0.708869 0.45283
0.0304422 0.346851
0.682775 0.455754
1.24623 0.148844
0.879871 0.323077
0.269631 0.0818217
0.0521867 0.0245754
0.243538 0.287806
0.0217444 0.871705
0.421842 0.561573
0.691473 0.506093
0.347911 0.0191142
0.0695822 0.817511
0.130467 0.958763
0.321818 0.425235
0.178304 0.925514
0.147862 0.493083
0.954126 0.315123
1.35321 0.109606
0.50882 0.506896
0.35226 0.168462
0.630589 0.476699
0.978273 0.263248
0.278329 0.237273
1.09779 0.234129
0.304422 0.0853555
0.439238 0.862517
1.32043 0.140191
0.46968 0.520132
0.911858 0.0267886
1.75174 0.0186974
0.230491 0.637387
0.387051 0.641371
0.160909 0.871063
1.11471 0.0867648
0.378353 0.676965
1.2821 0.112795
0 1.00894
0.0478378 1.01604
0.682775 0.585281
0.0739311 0.919089
0.613193 0.397383
0.613193 0.498833
0.517518 0.131872
1.57696 0.0724996
0.139164 0.10961
0.482727 0.824321
0.321818 0.0195318
0.221793 0.0181826
0.604495 0.262363
0.993025 0.100907
0 0.476763
1.09779 0.190014
0.382702 0.310935
0.173956 0.0134924
0.217444 0.07469
0.565355 0.295291
0.187002 0.63138
0.949357 0.442435
0.191351 0.805817
0.0347911 0.961783
1.06501 0.228068
0 0.433331
0.700171 0.605423
0.00869778 1.01109
0.487075 0.443739
0.208747 0.600476
0.556658 0.0284304
0.139164 0.825253
0.213095 0.751044
0.204398 0.37753
1.23248 0.2352
0.317469 0.0558649
0.130467 0.267503
0.800195 0.577017
1.38825 0.0219738
0.304422 0.33535
0.988085 0.0427452
0.474029 0.529352
0.7828 0.215943
0.226142 0.869296
0.395749 0.0272739
0.282678 0.79875
0.582751 0.637355
0.334864 0.92696
0.857413 0.538352
0.252235 0.00983017
0.582751 0.731063
1.10903 0.0419201
0.321818 0.749085
0.495773 0.552706
0.295724 0.504262
1.69 0.0088646
1.0181 0.0234024
0.173956 0.657497
0.31312 0.125351
0.944608 0.24702
0.460982 0.609535
0.460982 0.437957
0.182653 0.405189
1.27475 0.192845
0.613193 0.168816
1.57696 0.0457193
0.0565355 0.601729
0.0304422 0.314598
1.44611 0.0362159
0.365307 0.497773
0.808907 0.0579566
0.730613 0.359701
0.00869778 0.722646
0.104373 1.00274
0.282678 0.72043
0.0173956 0.362207
0.0130467 1.04181
0.734962 0.280192
0.395749 0.71394
0.326167 0.206016
0.500122 0.411839
0.230491 0.0582422
0.88894 0.084903
0.434889 0.123038
0.534913 0.18189
0.0304422 0.083942
0.369655 0.407727
0.278329 0.764023
0.152211 0.64484
0.00434889 0.8931
0.935164 0.0551264
0.848509 0.270505
0.582751 0.126539
1.07579 0.0238975
0.0956755 0.310197
0.791498 0.245594
0.774102 0.47959
0.652333 0.727754
0.0347911 0.550907
0.0695822 0.792967
0.600146 0.705299
0.769753 0.487846
0.147862 0.422408
0.204398 0.330917
0.0826289 0.379329
0.526215 0.735496
0.400098 0.24145
0.282678 0.145589
0.291375 0.991434
0.944608 0.0436212
0.134816 0.332748
0.126118 0.929658
0.260933 0.889534
1.23932 0.21064
0.321818 0.655987
0.31312 0.522927
0.191351 0.0779346
0.365307 0.716639
0.54796 0.128563
0.639286 0.564625
0.169607 0.626529
0.983168 0.126704
0.739311 0.433941
1.34482 0.0710014
0.791498 0.497998
0.848509 0.070174
0.139164 0.7664
0.978273 0.131839
0.187002 0.227443
0.983168 0.069347
0.870852 0.459741
0.902647 0.34257
0.530564 0.182886
0.500122 0.0960209
0.778451 0.504455
0.0304422 0.538154
0.630589 0.513835
0.465331 0.62534
0.243538 0.0166406
0.3914 0.198306
0.756706 0.107907
0.230491 0.359412
0.126118 0.289219
0.213095 0.941448
1.00298 0.019748
0.439238 0.284368
0.582751 0.436447
0.300073 0.825188
0.213095 0.895734
0.552309 0.368792
1.07038 0.146766
0.278329 0.0717024
0.187002 0.244116
0.152211 0.255038
0.678426 0.0790911
0.308771 0.547502
0.565355 0.0730838
1.43595 0.133777
0.0434889 0.216842
0.691473 0.46931
0.204398 0.434519
2.0166 0.00387866
0.460982 0.819213
0.395749 0.637034
0.395749 0.117641
0.217444 0.0259247
0.269631 0.541752
0.0652333 0.393721
0.543611 0.062065
0.656682 0.650944
0.0608844 0.349903
0.334864 0.730485
0.139164 0.074947
0.604495 0.661898
0.374004 0.836175
0.0347911 0.30451
0.902647 0.0344822
0.204398 0.587915
0.460982 0.1329
0.304422 0.530026
0.173956 0.645547
0.27398 0.761035
0.260933 0.450164
0.434889 0.76685
0.413144 0.395552
0.0434889 0.284497
0.474029 0.379875
0.695822 0.593119
0.165258 0.842696
0.0304422 0.454051
0.517518 0.576671
0 0.511908
0.474029 0.373836
0.848509 0.380217
0.382702 0.299981
0.813274 0.160213
0.113071 0.829268
0.0826289 0.482192
0.513169 0.250798
0.0521867 0.697846
0.517518 0.645386
0.343562 0.886225
0.374004 0.0112437
0.478378 0.335896
0.608844 0.579852
0.848509 0.479014
0.0434889 0.411518
0.0913266 0.428319
0.730613 0.553381
0.360958 0.799007
0.247887 0.822394
0.326167 0.385658
0.54796 0.819567
0.935164 0.296067
0.178304 0.958024
0.204398 0.487718
0.387051 0.60976
0.582751 0.584831
0.756706 0.333166
0.822031 0.177663
1.72992 0.0463192
1.23248 0.11686
0.504471 0.782141
0.487075 0.600701
0.774102 0.101257
0.911858 0.229699
0.504471 0.404322
0.113071 0.960594
0.408795 0.298889
0.958914 0.348639
1.82724 0.010516
1.07038 0.0896099
0.954126 0.323982
0.15656 0.395038
0.121769 0.585988
0.0130467 0.0135888
1.69 0.0416518
0.682775 0.332298
1.9679 0.0128699
0.0608844 0.910351
0.00434889 0.104116
0.104373 0.654188
1.72992 0.0313926
0.682775 0.505965
0.260933 0.634143
0.421842 0.717313
1.67159 0.0635259
0.478378 0.440238
0.978273 0.262132
1.10903 0.0285392
0.00869778 0.55261
0.321818 0.213533
0.595798 0.715193
0.360958 0.339912
0.0652333 0.451899
0.0347911 0.534138
0.204398 0.583064
0.35226 0.243538
0.143513 0.796308
0.456633 0.915909
0.334864 1.00791
2.07549 0.011495
0.500122 0.293492
0.356609 0.524661
0.343562 0.779603
0.204398 0.684803
0.0260933 1.02215
1.43595 0.0523312
0.491424 0.571981
1.31254 0.0792869
0.330515 0.0323496
0.182653 0.226576
0.921131 0.181941
0.54796 0.817189
0.421842 0.738773
0.0913266 0.544547
0.213095 0.0357227
0.07828 0.995996
0.321818 0.84623
1.72992 0.0481759
0.0565355 0.846391
0.256584 0.633886
0.100024 0.386139
1.82724 0.0294299
1.30477 0.0825193
0.565355 0.217677
0.173956 1.0341
0.852955 0.318168
0.0608844 0.569572
0 0.983885
1.0181 0.153229
0.139164 0.45842
0.595798 0.248935
0.491424 0.5635
1.26031 0.0525979
0.247887 1.04383
0.252235 0.120661
0.521867 0.691357
0.713218 0.435451
0.178304 0.820498
0.23484 0.446052
1.0491 0.266899
0.165258 0.64892
0.465331 0.474964
0.126118 0.904569
0.839645 0.508422
0.884399 0.27391
0.356609 0.824867
0.452284 0.783812
0.447935 0.217838
0.848509 0.0299443
0.600146 0.618883
0.365307 0.940484
0.726264 0.609824
0.582751 0.151661
0.226142 0.127696
0.204398 0.227058
1.0181 0.376665
0.191351 0.142184
0.247887 0.481132
0.543611 0.434359
1.18662 0.0987875
0.417493 0.834055
0.973402 0.321116
1.72992 0.0299588
0.35226 0.223588
0.582751 0.284047
0.46968 0.893389
0.954126 0.347693
0.0521867 0.864091
0.565355 0.129431
0.721915 0.231395
0.0608844 0.623798
0.613193 0.127889
0.395749 0.450132
0.0695822 0.690072
2.15076 0.000730065
0.870852 0.51159
0.617542 0.0416015
1.08124 0.206762
0.647984 0.446855
0.460982 0.72528
0.0434889 0.948547
0 0.422665
0.50882 0.319191
0.434889 0.814555
0.378353 0.744234
0.752358 0.380068
0.495773 0.769902
1.00298 0.111561
0.452284 0.50937
0.3914 0.121496
0.100024 0.148159
0.478378 0.703468
0.0521867 0.376855
0.300073 0.613229
0.365307 0.374703
0.447935 0.904826
1.9679 0.00207639
0.958914 0.331082
0.413144 0.510173
0.826421 0.339611
1.27475 0.0551313
0.447935 0.227315
0.0565355 0.0613904
0.121769 0.82294
0.0608844 0.542362
0.604495 0.303739
0.330515 0.886097
1.03865 0.314471
0.866361 0.461731
0.456633 0.230077
0.100024 0.154649
0.902647 0.188967
0.15656 0.00693895
0.417493 0.228343
0.173956 0.931939
0.134816 0.638544
0.774102 0.477149
0.11742 0.94466
0.243538 0.159531
0.826421 0.511976
0.634938 0.441137
0.07828 0.593151
0.387051 0.413863
0.534913 0.046356
0.0130467 0.47808
0.0695822 0.947905
0.0521867 0.936244
0.00869778 0.179063
0.182653 0.586277
0.3914 0.262427
0.143513 0.849732
0.165258 0.163836
0.0304422 0.953816
0.652333 0.455786
0.152211 0.0391279
0.35226 0.197471
0.187002 0.5449
0.27398 0.100261
0.326167 0.480104
0.708869 0.0677511
0.478378 0.374285
1.22572 0.180855
0.808907 0.318249
0.0565355 0.000449746
0.252235 0.955936
0.413144 0.793835
0.0304422 1.01807
1.03347 0.224503
0.866361 0.19109
0.565355 0.408723
0.769753 0.244791
0.54796 0.318902
1.07579 0.207533
1.26031 0.0868463
0.0739311 0.628681
0.978273 0.0737301
1.2821 0.109078
0.513169 0.499957
0.62624 0.205952
0.983168 0.354339
0.852955 0.460792
1.15575 0.159073
0.191351 0.52389
0.491424 0.369017
0.130467 0.0859016
0.756706 0.565492
0.66538 0.13396
0.143513 0.501917
0.130467 0.32038
0.556658 0.824739
0.7828 0.223492
0.169607 0.546795
0.0869778 0.157347
0.582751 0.624441
1.62134 0.0691136
0.300073 0.263037
0.178304 0.425043
0.07828 0.173538
0.852955 0.450876
0.160909 0.289315
0.317469 0.282505
0.861881 0.50913
0.239189 0.149701
0.795846 0.236213
0.0130467 0.510719
0.413144 0.746997
0.356609 0.370655
1.43595 0.0800686
0.700171 0.0439788
0.413144 0.143341
0.413144 0.188894
0.213095 0.139325
0.870852 0.0802737
0.369655 0.0362688
0.700171 0.449554
0.400098 0.737488
0.395749 0.00915555
0.252235 0.799585
0.165258 0.264579
0.3914 0.62518
0.916486 0.398476
0.748009 0.0288801
0.265282 0.0550939
0.898064 0.406976
0.443587 0.259825
1.30477 0.172083
0.00869778 0.921145
0.382702 0.709732
0.726264 0.133318
0.817648 0.489202
1.29711 0.0742288
0.139164 0.214593
0.1957 0.145364
1.02832 0.166852
0.717566 0.641371
0.152211 0.364744
0.916486 0.110226
0.247887 0.960562
0.265282 0.465712
0.173956 0.043272
0.00434889 0.889438
0.687124 0.638768
0.239189 0.555758
0.00434889 0.616185
0.395749 0.710696
0.852955 0.33414
0.417493 0.36105
1.12043 0.0820167
0.54796 0.0817896
0.23484 0.975789
0.378353 0.536612
0.23484 0.446116
0.769753 0.469985
0.46968 0.547149
0.408795 0.821173
0.130467 0.81931
0.23484 0.251183
0.574053 0.418328
0.748009 0.117673
0.404447 0.343671
1.53705 0.011234
0.126118 0.555854
0.169607 0.785386
0.539262 0.541752
0.243538 0.710856
0.600146 0.665271
1.26748 0.0498946
0.256584 0.318228
0.404447 0.945367
0.822031 0.0643383
1.88958 0.024184
0.700171 0.194419
0.356609 0.641852
0.265282 0.0597842
0.165258 0.394299
1.30477 0.137713
0.608844 0.188669
0.321818 0.787731
0.287027 1.00743
0.243538 0.134538
0.11742 0.414634
0.452284 0.0403487
0.31312 0.740315
0.630589 0.308526
0.0608844 0.732027
0.630589 0.450357
0.356609 0.497998
0.143513 0.0852591
0.126118 0.551486
0.717566 0.215043
0.400098 0.146906
0.347911 0.121689
0.949357 0.0964074
1.18033 0.247592
0.978273 0.261188
0.173956 0.0945431
0.687124 0.239008
0.674078 0.584124
2.07549 0.0138914
0.35226 0.0360761
0.365307 0.910865
0.330515 0.727336
0.265282 0.487814
0.426191 0.572656
0.247887 0.541752
0.31312 0.755831
0.465331 0.278843
0.907245 0.443087
0.252235 0.440976
0.687124 0.537319
0.822031 0.42406
0.898064 0.500431
0.543611 0.0761999
0.208747 1.03374
0.108722 0.0387103
0.439238 0.720333
1.05437 0.319015
1.30477 0.131394
0.726264 0.0099908
0.269631 0.637194
0.591449 0.221661
0.54796 0.582839
0.169607 0.73948
1.35321 0.145568
0.230491 0.312702
0.0956755 0.465166
0.00869778 0.142409
0.113071 0.104405
0.569704 0.593633
0.652333 0.182822
0.748009 0.428897
0.378353 0.52781
0.993025 0.287515
0.0521867 0.211606
0.0956755 0.468668
0.374004 0.761003
0.0869778 0.964064
0.866361 0.00688361
0.204398 0.808259
0.774102 0.463849
0.893495 0.0728879
1.80011 0.0199643
0.139164 0.350738
0.239189 0.850535
0.308771 0.297861
0.178304 0.640021
0.413144 0.788984
0.83082 0.374156
0.721915 0.290311
0.139164 0.820916
1.35321 0.0888337
0.408795 0.430953
1.27475 0.111945
0.165258 0.0916519
1.42602 0.0969872
0.574053 0.420674
0.382702 0.689622
0.374004 0.121656
0.0913266 0.238687
0.713218 0.238558
0.534913 0.680242
0.278329 0.927377
0.378353 0.622513
0.0565355 0.746932
0.00869778 0.300238
1.03347 0.237297
0.317469 0.564207
0.339213 0.617791
1.2821 0.164721
0.884399 0.167008
0.487075 0.451128
1.33656 0.114904
0.173956 0.910126
0.678426 0.333005
0.752358 0.325584
1.67159 0.0294233
0.278329 0.550972
0.813274 0.206467
0.526215 0.159596
1.69 0.0517595
0.360958 0.626497
0.5871 0.1577
0.11742 0.500825
0.0565355 0.455529
0.769753 0.617116
0.898064 0.176377
0.421842 0.634721
0.487075 0.759268
1.15575 0.207653
0.334864 0.641242
1.37925 0.056503
0.00869778 0.124997
0.239189 0.100679
0.134816 0.132418
0.500122 0.0370398
0.46968 0.383248
0.252235 0.541527
0.7828 0.376245
0.15656 0.0769709
0.243538 0.185874
0.413144 0.845234
0.239189 0.0745615
0.517518 0.459095
0.907245 0.348864
0.656682 0.194547
1.44611 0.113818
0.513169 0.388388
0.717566 0.464203
0.921131 0.461893
0.347911 0.248903
0.861881 0.159353
0.669729 0.539374
0.339213 0.33368
0.844072 0.249871
0.382702 0.0779346
0.813274 0.350314
0.0608844 0.683679
0.113071 0.42032
0.11742 0.884587
0.300073 0.280031
0.978273 0.294606
0.604495 0.0894995
1.37925 0.0814082
0.121769 0.410297
0.539262 0.227604
1.07579 0.0382154
0.0565355 0.474161
0.160909 0.736974
1.20587 0.154846
0.369655 0.672564
0.765404 0.335479
0.752358 0.615896
0.447935 0.0364937
0.434889 0.810186
0.539262 0.208554
0.226142 0.669962
0.954126 0.397982
0.879871 0.377422
0.326167 0.2791
0.11742 0.598805
0.247887 0.573234
0.147862 0.548305
0.369655 0.474611
0.27398 0.30949
0.126118 0.418425
0.861881 0.48521
0.604495 0.250027
0.539262 0.235635
0.387051 0.424882
0.539262 0.00179899
0.300073 0.719145
0.295724 0.558392
0.200049 0.716478
0.678426 0.0359155
0.217444 0.0573105
0.0347911 0.441812
0.121769 0.928405
1.07038 0.185933
0.208747 0.067719
0.0130467 0.200908
0.46968 0.536001
0.935164 0.367678
0.74366 0.18793
0.247887 0.793192
0.256584 0.949351
0.23484 0.353019
0.0304422 0.944403
0 0.216585
0.360958 0.854647
0.169607 0.315208
0.54796 0.633243
0.66538 0.213565
0.669729 0.0712848
0.669729 0.693284
0.0173956 0.55155
0.260933 0.203157
1.60597 0.0252566
0.434889 0.412771
0.434889 0.0770351
0.0695822 0.819824
0.447935 0.673367
0.678426 0.40882
1.37042 0.11616
1.07038 0.277228
0.674078 0.516662
0.968551 0.186947
0.513169 0.6654
0.968551 0.0295028
0.43054 0.0922301
0.339213 0.551453
1.19939 0.0130686
1.40676 0.0468785
0.243538 0.116163
0.15656 0.304735
0.787149 0.0990085
0.3914 0.785514
0.23484 0.731416
0.504471 0.578502
0.0652333 0.272257
0.604495 0.612972
0.539262 0.152271
0.434889 0.632247
0.217444 0.780953
0.691473 0.259953
0.330515 0.23631
0.247887 0.248356
1.45649 0.117785
1.0181 0.184056
0.382702 0.786767
0.27398 0.998437
0.152211 1.04997
1.38825 0.161972
1.31254 0.0276487
0.139164 0.463239
0.543611 0.00176686
0.530564 0.584092
1.14378 0.203915
0.0608844 0.151886
0.935164 0.144172
0.108722 0.396676
1.57696 0.0845363
0.0739311 0.57937
0.582751 0.341358
0 0.618851
0.421842 0.935954
0.291375 0.798011
1.07579 0.0989893
0.852955 0.247467
0.100024 0.877905
0.278329 0.345951
0.0826289 0.950282
0.813274 0.0396057
0.121769 1.03686
1.09779 0.260158
0 0.858052
0.617542 0.230142
0.0217444 0.939842
0.482727 0.0783523
0.173956 0.389223
0.674078 0.695051
0.656682 0.629324
0.552309 0.544771
1.01303 0.0356081
0.300073 0.761356
0.0956755 1.03869
1.35321 0.174101
0.643635 0.136562
1.13201 0.041574
0.526215 0.833477
0.656682 0.293749
0.0173956 0.799489
0.221793 0.333519
0.347911 0.733376
0.239189 0.611816
0.408795 0.925418
0.447935 0.303001
0.565355 0.562954
0.0695822 0.196314
0.0956755 0.596749
0.978273 0.273863
0.27398 0.0644101
1.72992 0.0397578
0.200049 0.172574
0.543611 0.683165
0.0956755 0.158568
0.491424 0.297989
0.46968 0.500375
0.708869 0.217838
0.835228 0.251712
1.1741 0.0245554
0.608844 0.620136
0.752358 0.135534