0.479097 0.262667
0.349611 0.565698
0.310766 0.437779
1.06082 0.357827
0.27192 0.427518
1.85447 0.00175207
0.0992724 0.169577
0.18128 0.75463
0.852194 0.476923
0.129486 0.46377
0.246023 0.263379
0.50931 0.166728
0.496362 0.0653836
0.284868 0.213338
0.194229 0.147469
0.925663 0.154225
0.422987 0.54291
0.293501 0.472963
0.54384 0.185146
0.847709 0.514377
0.535207 0.743463
1.17655 0.145445
0.27192 0.838464
1.32507 0.192663
0.517943 0.476491
0.517943 0.650437
0.09064 1.02031
0.112221 1.03792
1.1107 0.0279793
0.444567 0.388353
0.401406 0.055835
0.0474781 0.171357
0.319398 0.257715
0.0215809 0.923301
0.578369 0.443799
0.483413 0.454934
0.526575 0.122513
1.70678 0.0422075
0.0431619 1.0207
0.233074 0.625546
0.151067 0.400879
0.746737 0.50744
0.561105 0.610754
0.414354 0.362652
0.349611 0.399325
0.935119 0.0278493
0.332347 0.748545
1.19566 0.1214
0.302133 0.782273
0.448884 0.514491
0.0431619 0.433053
1.25677 0.0920367
0.185596 0.970072
0.0604266 0.878309
0.556788 0.780978
0.949439 0.40461
0.246023 0.986936
1.09934 0.165576
0.27192 0.629592
1.92387 0.00580135
0.125169 0.0473546
0.677642 0.231594
2.44936 2.29269e-06
0.504994 0.31177
0.522259 0.324361
0.112221 0.125653
0.781489 0.559538
0.694906 0.371715
1.01883 0.365599
0.194229 0.844452
1.18923 0.19949
0.746737 0.644659
0.263288 1.02604
0.401406 0.569161
0.375508 0.123873
0.870244 0.511356
0.968808 0.231012
0.725121 0.372937
0.194229 0.547701
0.893083 0.26205
0.733761 0.374076
0.483413 0.02761
0.902315 0.196233
0.98356 0.171862
0.422987 0.269303
0.0129486 0.516886
0.496362 0.237258
0.422987 0.374758
0.656061 0.269853
0.587002 0.698828
1.22207 0.0796554
0.241707 1.01523
1.33322 0.103915
0.651745 0.342455
0.651745 0.704719
0.323714 0.115943
0.250339 0.571589
0.0388457 0.547992
1.1703 0.13437
0.82987 0.367816
0.185596 0.497563
0.720803 0.545319
0.530891 0.381847
1.57412 0.0600553
0.405722 0.274514
0.18128 0.534689
0.384141 0.597483
0.69059 0.0997585
0.54384 0.274805
0.526575 0.377412
0.647428 0.596221
0.00431619 0.345497
0.129486 0.24124
1.03434 0.256148
0.720803 0.498722
0.246023 0.381814
0.785854 0.312567
0.254655 0.259074
0.172648 0.772821
0.09064 0.326303
0.315082 0.376344
0.738084 0.384588
0.448884 0.70925
0.656061 0.628492
0.14675 0.45639
0.812175 0.33962
0.250339 0.445353
1.41314 0.152465
0.759739 0.258089
0.125169 0.335787
0.0302133 0.0059881
0.604266 0.539544
0.738084 0.102585
0.733761 0.550285
0.803374 0.205531
1.07164 0.132494
0.125169 0.515236
0.630164 0.313356
0.319398 0.514103
1.27862 0.181698
1.475 0.0576393
0.794601 0.0679746
0.448884 0.0166048
0.651745 0.471927
0.379825 0.406317
0.103589 0.15349
1.04484 0.103393
0.513627 0.613732
0.0820076 0.640338
0.612899 0.293708
1.66892 0.0695655
0.798984 0.371825
0.107905 0.204599
0.388457 0.672124
0.821006 0.426951
0.0733752 0.311219
0.911606 0.182652
0.874786 0.107633
0.888489 0.352622
0.358244 0.316334
0.00863238 0.737313
2.14868 0.0104226
0.116537 0.336013
0.466148 0.114972
0.375508 0.101895
0.0345295 0.058295
0.414354 0.840859
0.323714 0.896014
0.241707 0.375017
0.310766 0.169382
0.0129486 0.469532
0.323714 0.468043
0.41867 0.32572
0.720803 0.495842
0.738084 0.16349
0.496362 0.851217
0.410038 0.314359
0.0302133 0.00818913
0.133802 0.763434
0.781489 0.16356
0.397089 0.397545
0.384141 0.963308
0.293501 0.454416
0.0992724 0.135331
1.88722 0.0248575
0.530891 0.835356
0.879341 0.182931
0.0388457 1.00597
0.340979 0.494941
1.50949 0.0616316
0.0388457 0.760359
0.0604266 0.20803
0.487729 0.516174
1.0771 0.109191
0.998522 0.196992
0.0474781 0.794929
0.0345295 0.993604
0.925663 0.160512
0.0863238 0.78907
0.151067 0.909253
1.08814 0.241423
0.920961 0.449694
0.0302133 0.987551
0.785854 0.550639
0.879341 0.5026
0.267604 0.620108
0.414354 0.302253
1.30914 0.119014
0.517943 0.779133
0.349611 0.8585
0.656061 0.721356
0.548156 0.804121
0.677642 0.597936
0.23739 0.536955
0.159699 0.841959
1.29367 0.13125
0.565421 0.0260563
0.461832 0.503745
0.0820076 0.405605
0.371192 0.149217
1.25677 0.0740321
0.954251 0.356593
0.608583 0.500864
0.332347 0.748772
0.466148 0.269044
0.716487 0.431403
0.647428 0.481961
0.638796 0.0978164
0.0949562 0.79263
1.27862 0.0556609
0.215809 0.6897
1.04484 0.0158293
0.656061 0.627165
0.861196 0.207135
0.906953 0.372902
0.142434 0.401009
0.211493 0.796061
0.742409 0.575736
0.422987 0.0997262
0.578369 0.382138
0.422987 0.0790106
0.746737 0.199633
0.59995 0.195892
0.517943 0.809786
0.677642 0.554175
0.643112 0.0855489
0.587002 0.409392
0.825434 0.263076
0.410038 0.577382
1.1641 0.249048
0.0863238 0.0244703
0.297817 0.759777
1.00356 0.00489721
1.02914 0.175161
0.99351 0.195343
0.133802 1.05724
0.893083 0.192947
0.699223 0.229263
0.959082 0.275897
0.414354 0.349737
0.168331 0.831116
0.660377 0.477592
1.38503 0.0184073
0.630164 0.687305
0.0820076 0.29769
0.660377 0.695461
0.36256 0.205505
0.461832 0.0633444
0.155383 0.793019
0.263288 0.156306
0.556788 0.803927
0.258971 0.431499
0.638796 0.376506
0.375508 0.439688
0.349611 0.135007
0.448884 0.432503
0.18128 0.400847
0.954251 0.144352
1.15797 0.0461424
1.03957 0.311862
0.133802 0.973439
0.198545 0.28416
0.09064 0.0230461
0.401406 0.111443
0.069059 1.01238
0.0604266 0.78606
0.608583 0.141449
0.120853 0.911648
0.36256 0.041237
0.392773 0.436419
0.401406 0.8529
0.483413 0.616548
0.349611 0.114033
0.949439 0.279389
1.0771 0.267103
0.397089 0.837298
0.151067 0.871738
0.0388457 0.451276
0.267604 0.416901
0.194229 1.05404
0.427303 0.829206
0.617215 0.120992
1.02397 0.225844
0.751068 0.180401
1.60319 0.0562497
0.207177 0.0180938
0.185596 0.518764
0.189912 0.139312
0.556788 0.321804
0.825434 0.296962
0.388457 0.404116
0.267604 0.705204
0.513627 0.424119
0.233074 0.1185
0.479097 0.245545
0.353928 0.893166
0.401406 0.301897
1.08814 0.146714
0.116537 0.408939
0.612899 0.357053
0.825434 0.411289
1.21537 0.117425
0.422987 0.848174
0.202861 0.208192
0.185596 0.448687
1.1703 0.000696102
0.664693 0.48782
0.496362 0.446
0.720803 0.659645
0.168331 0.701093
0.371192 0.317531
1.24265 0.0745485
0.405722 0.564921
1.92387 0.0143886
0.461832 0.0585863
1.57412 0.0786013
0.302133 0.764567
1.00356 0.385884
0.133802 0.238618
0.821006 0.311363
1.60319 0.084157
2.44936 0.00172823
0.340979 1.00231
1.08814 0.134951
0.14675 1.01911
0.703539 0.266636
0.526575 0.29277
0.751068 0.470674
0.0604266 1.02422
1.60319 0.0377128
0.513627 0.412726
0 0.877953
0.198545 0.315945
0.0302133 0.638817
0.151067 0.0724075
0.0561105 0.0726017
0.677642 0.0448298
2.07334 0.00210696
1.18923 0.245162
0.681958 0.113871
0.198545 1.03245
0.427303 0.314327
0.133802 0.219747
0.00431619 0.0438588
0.27192 0.056806
0.405722 0.110213
0.470465 0.443055
0.36256 0.429493
0.289185 0.943336
0.539524 0.280696
1.18286 0.0478158
1.38503 0.127408
0.0604266 0.237129
0.729441 0.496508
0.207177 0.380973
0.738084 0.359193
0.27192 0.87504
0.00863238 0.143164
0.440251 0.28649
0.59995 0.780395
0.790225 0.576732
0.647428 0.139409
1.56035 0.0289675
0.638796 0.0927023
0.00431619 0.994769
0.71217 0.40378
0.241707 0.494617
0.647428 0.139021
0.535207 0.0804671
0.228758 0.141869
0.751068 0.389503
0 0.788843
0.906953 0.344424
0.0517943 0.474063
0.897692 0.42789
0.0647428 0.45024
1.12806 0.295179
0.569737 0.472898
0.284868 0.936377
0.220126 0.363526
0.54384 0.188965
0.0647428 0.146919
1.03957 0.358406
0.638796 0.550485
0.479097 0.844775
1.19566 0.00144755
0.422987 0.805934
0.36256 0.927508
0.18128 0.139345
1.27124 0.0835563
0.500678 0.795835
0.194229 0.202398
0.0172648 0.469435
0.973703 0.334977
0.32803 0.345335
0.874786 0.398248
0.340979 0.0950975
0.00431619 0.960265
0.107905 1.01328
0.340979 0.745891
0.297817 0.826844
0.930382 0.444695
0.410038 0.739385
0.263288 0.639594
0.18128 0.375405
0.638796 0.582788
0.608583 0.2381
0.838771 0.422513
0.487729 0.683097
0.738084 0.147496
0.0604266 1.03024
1.29367 0.107
0.97862 0.385243
1.48619 0.0358414
0.939873 0.380858
0.431619 0.744531
0.526575 0.773145
0.284868 0.55356
1.01883 0.00462991
0.302133 0.0585539
1.49768 0.0468508
0.513627 0.0713717
1.01371 0.0200705
0.353928 0.793958
0.401406 0.148667
2.07334 0.00537265
0.138118 1.03164
0.168331 0.645453
0.168331 0.566151
0.0302133 0.46759
0.470465 0.90006
0.0474781 0.283156
1.14585 0.228594
0.968808 0.015847
1.30135 0.129279
0.358244 0.429816
0.630164 0.264156
0.834316 0.472734
0.643112 0.644287
0.422987 0.646618
0.621531 0.0980107
1.24967 0.234405
0.293501 1.03293
0.768425 0.563302
0.133802 0.915694
0.565421 0.78852
0.461832 0.307044
0.297817 0.802114
0.0388457 0.864326
0.759739 0.15345
0.241707 0.891709
1.68735 0.0466326
1.02914 0.346686
0.496362 0.387608
0.595634 0.329928
0.194229 0.796256
0.112221 0.211008
0.834316 0.461463
0.738084 0.197189
0.807771 0.0953756
0.0129486 0.645647
0.54384 0.607129
0.582686 0.242729
0.155383 0.391266
0.0561105 0.180938
0.435935 0.172749
0.54384 0.216251
0.539524 0.105617
0.617215 0.563173
0.959082 0.306222
0.852194 0.392789
1.92387 0.00330584
0.847709 0.119636
1.14585 0.0300139
0.725121 0.0858908
0.0129486 0.756216
1.20873 0.0154934
1.66892 0.00750148
0.358244 0.357117
0.621531 0.566928
0.258971 0.418682
0.0733752 0.345303
1.0826 0.11893
0.487729 0.884685
0.246023 0.597386
1.88722 0.00291609
0.0258971 0.644935
1.13987 0.272061
0.310766 0.124488
0.366876 0.0506237
0.315082 1.014
0.625847 0.625546
0.129486 0.468043
0.384141 0.519055
0.366876 0.85358
0.483413 0.507176
0.699223 0.0140154
0.198545 0.460339
0.647428 0.210555
0.397089 0.0130767
0.353928 0.420786
0.36256 0.699831
0.125169 0.903556
0.388457 0.459498
0.384141 0.610398
1.22885 0.00391325
1.68735 0.0414315
0.0129486 0.989979
0.258971 0.0635386
1.13395 0.0999096
0.865714 0.458017
0.998522 0.181864
1.0771 0.103304
0.09064 0.790235
1.0826 0.32852
0.164015 0.9099
0.0258971 0.7467
0.552472 0.751911
0.59995 0.630272
0.0776914 0.627456
0.0172648 0.0802082
0.466148 0.837752
0.207177 0.0712422
0.233074 0.479987
1.18923 0.188405
0.883908 0.0889122
1.27124 0.117718
0.0863238 0.8462
0.224442 0.0678759
0.944647 0.323863
0.630164 0.387673
0.816586 0.267419
0.625847 0.138471
0.738084 0.334314
2.07334 0.00499208
0.569737 0.0253442
0.0561105 0.00132709
1.65138 0.0674273
0.4532 0.649596
1.30135 0.0555729
0.440251 0.857982
0.582686 0.667366
0.879341 0.325888
0.0517943 0.731066
0.522259 0.0833803
0.669009 0.441242
0.621531 0.640338
0.315082 0.209648
0.332347 0.0470632
0.00431619 0.218452
0.888489 0.296892
1.85447 0.0138862
0.526575 0.708732
0.371192 0.785768
0.517943 0.627585
0.617215 0.738479
0.973703 0.0144949
1.20873 0.000804304
0.340979 0.566928
0.548156 0.831278
0.220126 0.0202624
0.138118 0.915338
1.60319 0.0640182
0.0561105 0.784053
0.569737 0.432891
0.0302133 0.585345
0.310766 0.893263
0.816586 0.470134
0 0.420688
0.0388457 0.483936
0.703539 0.272204
1.45343 0.0283129
0.32803 0.450273
0.595634 0.596933
0.164015 0.669017
0.366876 0.0712746
0.431619 0.820791
0.23739 0.89268
0.470465 0.43438
1.28609 0.081438
1.05546 0.0299674
1.29367 0.157881
0.267604 0.966803
1.8248 0.026881
0.59995 0.751426
0.258971 0.796806
0.569737 0.749775
0.254655 0.438782
0.930382 0.0689989
0.0258971 0.734659
0.949439 0.211979
0.371192 0.51598
0.874786 0.00602057
0.159699 0.926149
1.01371 0.298264
0.591318 0.590103
0.0820076 0.195115
0.526575 0.375826
0.492046 0.552945
0.366876 0.178445
0.207177 0.0962951
0.500678 0.673904
0.107905 0.306105
0.358244 0.52459
0.834316 0.408878
0.825434 0.451542
0.23739 0.252601
0.834316 0.501334
0.427303 0.890544
0.681958 0.485004
0.686274 0.233504
0.492046 0.430528
1.475 0.0627838
0.729441 0.31227
0.258971 0.464029
0.133802 0.903944
0.0172648 1.02468
0.267604 0.205894
0.617215 0.611693
1.07164 0.291563
0.686274 0.360484
0.535207 0.581137
0.500678 0.121283
0.366876 0.416189
0.0776914 1.0396
1.85447 0.0214156
1.06621 0.19551
0.751068 0.542815
0.405722 0.881934
0.0561105 0.94379
0.630164 0.642928
0.681958 0.404245
0.366876 0.65785
0.852194 0.23955
0.0776914 1.00095
0.50931 0.332259
1.63462 0.0096955
0.621531 0.393952
0.107905 0.637587
0.133802 0.828235
0.99351 0.103652
0.353928 0.544561
0.617215 0.571038
0.0388457 0.905142
0.138118 0.254996
0.539524 0.336013
0.125169 0.88161
0.112221 0.97551
0.315082 0.898733
1.475 0.0839941
0.27192 0.196636
1.05546 0.0567969
0.604266 0.21664
0.660377 0.307497
0.897692 0.127607
0.513627 0.762075
0.906953 0.32211
0.949439 0.370075
0.198545 0.877273
0.0388457 1.02649
0.0215809 0.285519
0.911606 0.3579
0.781489 0.0833334
0.496362 0.3197
0.280552 0.698795
0.414354 0.179093
0.0992724 0.0524363
0.168331 0.733494
0.720803 0.0685371
0.185596 0.975089
1.25677 0.212615
0.0215809 0.893684
0.587002 0.135493
0.487729 0.516984
0.879341 0.060834
0.241707 0.373204
1.39422 0.076452
0.09064 0.148926
0.0863238 0.469888
0.297817 0.770685
0.821006 0.561804
0.54384 0.19327
0.513627 0.351032
0.865714 0.0665207
0.539524 0.551973
0.54384 0.0244703
0.172648 0.849145
1.1107 0.115873
1.31705 0.16169
0.410038 0.272993
0.807771 0.212023
0.470465 0.0735404
0.168331 0.951849
0.155383 0.457135
0.768425 0.305544
1.34991 0.139695
0.0215809 0.830728
0.807771 0.440176
0.604266 0.0476782
1.02914 0.227389
1.475 0.0640352
0.500678 0.366213
1.04484 0.269336
0.565421 0.717698
0.0172648 0.899283
0.954251 0.000289748
0.392773 0.264286
0.630164 0.44723
0.241707 0.0932525
1.02914 0.120347
0.176964 0.279272
0.838771 0.161305
0.474781 0.673872
1.18286 0.198997
0.189912 0.0858402
0.422987 0.299567
0.470465 0.563173
0.963935 0.14865
1.40358 0.059537
0.431619 0.356632
1.74919 0.0158465
0.138118 1.03876
0.587002 0.786416
0.716487 0.652428
0.241707 0.51543
1.1703 0.00269459
0.431619 0.428263
0.930382 0.206169
1.0771 0.146879
1.05013 0.0423871
1.45343 0.033872
0.00431619 0.0936733
0.0258971 0
0.09064 0.244347
0.526575 0.0509474
0.729441 0.0235108
0.315082 0.380811
0.112221 0.525593
0.54384 0.833932
0.263288 0.112285
0.638796 0.557249
0.0474781 0.443281
0.865714 0.214787
0.561105 0.572689
1.40358 0.0594188
0.176964 0.272896
0.97862 0.0613724
0.211493 1.05802
1.79763 0.0110992
0.107905 0.83144
0.457516 0.815126
0.310766 0.0147922
0.988523 0.0600112
0.0215809 0.125426
0.276236 0.27309
0.548156 0.380131
0.0431619 0.0201653
1.36716 0.13637
1.19566 0.240208
0.0474781 0.0508179
1.66892 0.0394119
1.56035 0.0882648
0.345295 0.428392
1.85447 0.00527866
0.254655 0.119665
0.289185 0.309472
0.00863238 0.96198
0.630164 0.545467
0.647428 0.046254
0.00431619 0.633994
0.323714 0.372266
0.246023 0.483127
0.358244 0.707891
0.00863238 0.987033
0.0733752 0.951008
0.263288 0.851702
0.18128 0.673904
0.0517943 0.0570974
0.565421 0.380746
0.625847 0.647136
0.794601 0.597513
0.0129486 0.769066
0.319398 0.942236
0.604266 0.743657
0.492046 0.123905
0.535207 0.0179967
0.198545 0.480213
0.669009 0.306041
0.0345295 0.411366
0.116537 0.998945
0.414354 0.593372
0.595634 0.144232
0.172648 0.405605
0.85669 0.41695
0.202861 0.365274
0.435935 0.666136
0.911606 0.197248
0.803374 0.559479
0.63448 0.4147
1.1107 0.235529
0.954251 0.129256
0.925663 0.046475
0.861196 0.0488579
0.874786 0.227799
0.707854 0.306427
0.250339 0.621306
0.785854 0.386967
0.284868 0.4952
1.06621 0.0529572
0.578369 0.329637
0.293501 0.347245
0.345295 0.440983
0.448884 0.864164
0.366876 0.369676
0.517943 0.47785
0.925663 0.399827
0.306449 0.497174
0.755402 0.487324
0.448884 0.343037
0.107905 0.643219
0.82987 0.14556
0.798984 0.0617266
0.297817 0.478854
0.0345295 0.10319
0.14675 0.274126
0.539524 0.71731
0.228758 0.287655
0.0561105 0.72346
0.220126 0.350158
0.63448 0.100697
0.63448 0.590071
0.211493 0.526306
0.587002 0.321674
0.336663 0.479501
0.159699 0.395344
0.254655 0.207641
0.565421 0.0185793
0.82987 0.0174911
1.77254 0.0450595
0.911606 0.262018
0.59995 0.127433
0.349611 0.895691
0.120853 0.964149
0.0992724 0.0102607
0.440251 0.738317
0.107905 0.848304
0.392773 0.613829
1.04484 0.189395
0.574053 0.389906
0.76408 0.128026
2.44936 0.00154665
0.410038 0.948968
0.09064 0.131965
0.920961 0.0822712
0.54384 0.703068
0.319398 0.468108
0.98356 0.215315
0.246023 0.6595
0.00431619 0.995125
0 0.0546374
1.38503 0.104994
0.254655 0.423537
0.561105 0.419976
0.323714 0.111023
0.431619 0.636131
1.1641 0.216575
1.24967 0.153592
0.0647428 1.04818
1.34149 0.0811067
0.604266 0.0745438
0.0733752 0.463317
0.821006 0.0836595
0.0733752 1.01302
0.944647 0.419062
0.267604 0.00491995
0.09064 0.890091
0.422987 0.111994
0.125169 0.394826
0.207177 0.872127
0.371192 0.367993
0.250339 0.754857
0.258971 0.686625
0.874786 0.0803254
0.440251 0.138794
0.366876 0.739676
0.289185 0.216219
1.12223 0.0538281
0.694906 0.520317
0.14675 0.701838
0.250339 0.901711
0.865714 0.213305
0.215809 0.434251
0.474781 0.785768
0.176964 0.860895
0.781489 0.0441328
0.617215 0.566313
0.310766 0.603989
0.310766 0.160546
0.530891 0.667981
1.22885 0.0801499
0.0776914 0.464968
0.825434 0.403976
1.00862 0.091853
0.32803 0.429849
0.384141 0.724139
0.530891 0.790235
0.0863238 0.56149
0.935119 0.275313
0.267604 0.790559
0.751068 0.341807
0.194229 0.674422
1.03957 0.14749
0.142434 0.938287
1.36716 0.0508265
0.457516 0.830792
0.694906 0.0917636
0.207177 0.660018
0.332347 0.517857
1.30914 0.0769983
1.38503 0.0813051
0.492046 0.671218
0.069059 0.64542
0.306449 0.959812
0.358244 0.253507
1.22207 0.182762
0.129486 0.296977
0.358244 0.249688
0.707854 0.550313
0.280552 0.561975
0.185596 0.150026
0.4532 0.839014
0.142434 0.789555
0.98356 0.240794
0.133802 0.670344
1.34991 0.103985
0.293501 0.159057
0.41867 0.0342778
0.120853 0.31601
1.34149 0.0699721
0.0302133 0.449593
0.224442 0.982955
0.440251 0.613797
1.105 0.314267
0.220126 0.883067
0.578369 0.0582626
0.0647428 0.671185
1.475 0.107088
0.00863238 0.724496
0.349611 0.0488111
0.530891 0.339121
0.539524 0.581785
0.847709 0.184038
0.410038 0.619882
1.57412 0.0407016
0.319398 0.465195
0.522259 0.155529
1.00356 0.393409
2.14868 0.00849585
1.24967 0.227915
1.05013 0.313417
0.202861 0.449852
0.116537 0.0279013
0.574053 0.578774
0.720803 0.587937
1.04484 0.159775
0.0388457 0.952497
0.176964 0.513714
0.963935 0.0516281
0.215809 0.572754
0.97862 0.130767
0.561105 0.471798
0.310766 0.921197
0.834316 0.0448937
0.36256 0.68546
0.41867 0.223308
0.133802 0.263023
0.742409 0.561689
0.258971 0.130735
0.483413 0.075968
0.422987 0.606061