0.51088 0.146407
0.33784 0.333981
1.07944 0.0170904
0.98056 0.206943
0.05768 0.155305
0.43672 0.357528
0.38728 0.0781409
0.7416 0.30467
1.09592 0.0730274
0.67568 0.346812
0.80752 0.288949
0.01648 0.195251
0.11536 0.0631123
0.79104 0.310353
0.35432 0.164095
0 0.321801
0 0.103058
1.0712 0.332028
0.96408 0.386107
0.3296 0.345931
0 0.315656
0.81576 0.344832
0.3708 0.188211
0.6592 0.436401
1.1948 0.207865
0.75808 0.10242
0.46968 0.0502809
1.07944 0.172029
1.17008 0.239889
1.17008 0.251798
0.79928 0.029664
0.3296 0.013089
0.68392 0.106828
1.442 0.00727019
0.64272 0.242073
2.06824 0.0148523
0.83224 0.068687
1.06296 0.0167648
0.60976 0.122277
1.49968 0.044557
0.97232 0.207404
0.34608 0.0750891
0.09888 0.342201
0.84872 0.364988
0.88168 0.189907
0.0412 0.278451
0.67568 0.425102
0.09888 0.244962
1.29368 0.0554759
0.1236 0.264453
0.35432 0.329383
0.4532 0.187668
0.15656 0.419392
1.45024 0.126659
0.63448 0.149432
0.77456 0.0144997
0.80752 0.0548791
0.88168 0.335365
0.14008 0.0673035
1.31016 0.174796
0.7416 0.323944
0.54384 0.0353065
0.25544 0.361109
0.9064 0.042102
0.2472 0.144536
0.10712 0.313378
0.63448 0.0639532
0.14008 0.109772
1.13712 0.255284
1.09592 0.20701
0.84872 0.158086
0.3296 0.0126008
0.58504 0.3806
0.88992 0.32016
1.05472 0.345646
1.49968 0.0553809
0.88168 0.433404
0.58504 0.0671136
1.14536 0.0349539
2.04352 0.00128856
1.02176 0.279875
0.7828 0.34825
0.39552 0.345944
0.206 0.174403
0.3296 0.148645
1.70568 0.051678
1.2772 0.191141
0.40376 0.138418
0.88992 0.141484
0.2884 0.144536
0.27192 0.0174159
0.79104 0.245138
0.29664 0.0487754
0.18952 0.191995
0.8652 0.362221
1.14536 0.236322
1.45024 0.0515152
0.62624 0.0210239
0.1236 0.417059
0.39552 0.318301
1.0712 0.256478
0.00824 0.311953
0.7416 0.237298
1.34312 0.133264
0.23896 0.436428
0.824 0.0131297
0.48616 0.330536
0.23072 0.267735
0.51912 0.442017
0.74984 0.377209
1.10416 0.252951
0.79104 0.067846
0.09888 0.358002
0.2884 0.392224
0.00824 0.394869
0.03296 0.0941326
0.91464 0.19228
1.1124 0.274124
0.6592 0.0309254
1.18656 0.0956111
0.00824 0.120487
0.17304 0.189717
0.58504 0.428276
0.14832 0.0398911
0.74984 0.148374
0.79104 0.146991
0.72512 0.0903484
0.3296 0.294144
0.69216 0.189608
0.55208 0.282629
0.18128 0.17793
0.39552 0.378172
0.56856 0.236905
0.04944 0.110789
0.2472 0.0664897
0.59328 0.190625
1.29368 0.0688633
0.7828 0.304086
0.29664 0.182704
1.26896 0.00444892
0.55208 0.303978
0.32136 0.244338
0.34608 0.423231
0.72512 0.0653367
0.63448 0.212314
0.51088 0.181809
0.09888 0.296789
0.97232 0.167214
1.0712 0.0683072
0.55208 0.249981
1.63976 0.0633293
0.27192 0.0332041
0.69216 0.009888
0.60152 0.0577953
0.85696 0.270625
0.60152 0.348806
0.84872 0.398857
1.14536 0.154532
0.91464 0.118046
0.30488 0.0385211
0.33784 0.201164
0.99704 0.180968
1.442 0.126387
0.91464 0.11007
0.66744 0.237054
0.59328 0.18345
0.51912 0.17915
0.18952 0.0710607
0.34608 0.316226
0.2472 0.194342
0.46968 0.110368
0.97232 0.069867
0.9476 0.0273988
0.54384 0.0893989
0.3708 0.0617966
0.80752 0.227505
0.9888 0.369939
0.56032 0.198194
1.03824 0.0775848
1.02176 0.311547
0.51912 0.351356
0.59328 0.435194
0.9888 0.199672
0.9888 0.272564
0.17304 0.427558
0.21424 0.434936
2.05176 0.0155441
0.84872 0.162738
0.76632 0.0233975
0.09064 0.0718067
0.60976 0.107995
0.0412 0.386907
1.10416 0.185973
0.92288 0.190639
1.00528 0.0513389
0.0824 0.42772
0.44496 0.262134
0.2884 0.167987
1.0712 0.255935
0.79104 0.151969
0.66744 0.167336
1.7716 0.0128313
0.63448 0.313676
0.5768 0.327809
0.85696 0.215596
0.0824 0.18147
0.35432 0.406507
0.11536 0.368053
1.06296 0.327267
0.46968 0.413573
0.51912 0.263829
0.23896 0.0198438
1.29368 0.0970489
3.13684 2.34896e-06
0.96408 0.130646
0.99704 0.135923
0.21424 0.0526546
1.32664 0.155766
0.3708 0.353866
0.50264 0.429958
0.76632 0.238506
0.71688 0.0519086
1.38432 0.156363
0.3708 0.229513
1.4008 0.15696
0.92288 0.0115699
0.80752 0.112851
0.02472 0.2166
0.9476 0.0994225
0.80752 0.157041
1.25248 0.113081
1.12064 0.292842
0.46144 0.425428
1.24424 0.143505
0.618 0.0485855
0.47792 0.239523
0.07416 0.229635
0.35432 0.208502
1.01352 0.160012
0.77456 0.115034
0.34608 0.22406
0.73336 0.250374
0.93936 0.414062
1.3184 0.0418036
1.03824 0.115157
1.00528 0.158154
0.00824 0.14478
0.2472 0.101091
0.46968 0.159998
0.71688 0.417371
0.48616 0.108565
0.3296 0.323849
0.17304 0.136736
0.60152 0.157706
0.85696 0.29721
0.28016 0.191249
0.47792 0.186624
1.45024 0.108727
0.23896 0.140711
0.05768 0.0025093
1.1536 0.226095
1.40904 0.043065
1.53264 0.0876627
0.23896 0.215908
1.20304 0.131311
0.60976 0.215434
1.51616 0.0289044
0.85696 0.00695822
1.24424 0.19776
0.72512 0.170266
0.19776 0.0643195
0.98056 0.257183
0.15656 0.268332
1.17008 0.123078
0.206 0.0857367
0.7416 0.281652
0.14008 0.130416
1.66448 0.0475275
0.68392 0.132559
0.01648 0.308969
0.22248 0.140806
0.88992 0.0481786
0.71688 0.0426988
0.06592 0.0244284
0.76632 0.434068
0.79104 0.35236
0.618 0.375473
0.46144 0.15715
0.59328 0.0709793
0.02472 0.196756
0.618 0.196132
0.79928 0.136492
1.40904 0.0686327
0.9476 0.3567
0.7828 0.131731
0.05768 0.00343164
0.25544 0.319915
1.49144 0.0692702
0.75808 0.16659
0.73336 0.403672
0.56032 0.190422
0.18952 0.0567102
1.01352 0.350054
0.07416 0.421549
0.65096 0.207404
0.07416 0.318627
0.11536 0.0871744
0.93112 0.216302
0.09064 0.333113
0.06592 0.416367
0.1648 0.330658
0.2884 0.38102
0.05768 0.413831
0.51088 0.259855
0.79104 0.126659
0.9888 0.326494
0.66744 0.359752
1.04648 0.336965
0.4532 0.22501
0.30488 0.352821
1.07944 0.0109188
0.88168 0.211093
0.15656 0.169968
0.70864 0.062529
1.16184 0.209886
0.63448 0.313771
0.88992 0.112742
1.236 0.201965
1.21952 0.0409897
0.18128 0.33215
0.412 0.289017
1.95288 0.00811114
0.9476 0.40043
0.27192 0.168042
0.40376 0.333588
0.80752 0.04179
1.10416 0.160134
0.80752 0.0331092
1.42552 0.0839056
1.14536 0.082088
0.7004 0.437635
0.9888 0.339339
1.22776 0.0358491
1.12064 0.171555
0.7828 0.241951
0.1648 0.0102542
0.56856 0.318383
1.88696 0.00240079
0.25544 0.443034
1.33488 0.0960723
0.79104 0.146557
0.32136 0.348277
1.26072 0.200134
0.15656 0.124746
0.69216 0.0861165
0.88168 0.0265443
0.29664 0.332313
0.50264 0.0654995
1.06296 0.336884
0.4944 0.180819
1.21952 0.157774
0.71688 0.18425
0.66744 0.0565745
0.85696 0.181239
0.34608 0.167974
0.25544 0.407917
0.37904 0.119076
0.17304 0.00965741
0.76632 0.0467001
0.13184 0.424234
0.11536 0.329396
1.16184 0.0592737
0.23072 0.382024
0.69216 0.0172803
0.74984 0.18288
0.76632 0.357406
0.92288 0.258363
0.66744 0.0477852
0.75808 0.350868
0.2884 0.3653
0.07416 0.189106
0.51088 0.174702
0.3708 0.441691
0.81576 0.347477
1.17832 0.0507014
1.43376 0.0758758
0.39552 0.00758215
0.35432 0.217387
0.36256 0.0583785
1.06296 0.134851
0.7416 0.169344
0.51088 0.295514
0.92288 0.389972
0.98056 0.177726
0.44496 0.049657
0.91464 0.102895
0.67568 0.374279
0.76632 0.126509
0.22248 0.171365
1.17008 0.149622
0.80752 0.355425
0.38728 0.0872422
0.35432 0.188021
2.13416 0.000420477
1.26896 0.20442
0.9476 0.186895
0.32136 0.293792
0.70864 0.133061
0.77456 0.236729
0.88168 0.0245504
0.5768 0.32039
0.25544 0.0999922
0.65096 0.420016
0.28016 0.427056
1.34312 0.111725
1.00528 0.122684
0.11536 0.429199
0.98056 0.172952
0 0.367904
0.37904 0.132396
0.05768 0.267695
0.2884 0.0303422
0.10712 0.0304236
1.29368 0.0187858
1.30192 0.0477174
0.37904 0.432644
0.81576 0.131718
0.25544 0.0920845
0.00824 0.0183789
0.51912 0.0238044
0.77456 0.0461847
0.89816 0.185661
0.69216 0.179978
0.55208 0.395303
1.03 0.117625
0.11536 0.0993683
0.39552 0.159646
1.40904 0.150789
0.72512 0.434204
0.51912 0.366683
0.01648 0.0599926
0.84048 0.120053
1.236 0.0584192
1.21952 0.0388467
0.00824 0.416856
1.3596 0.169195
0.46144 0.207268
1.236 0.0582564
1.02176 0.0337196
0.43672 0.0594501
0 0.330563
0.09888 0.198655
0.1236 0.188672
1.08768 0.198167
0.54384 0.392387
0.42024 0.152335
1.03824 0.0791854
0.1236 0.061566
1.21952 0.230679
0.91464 0.354001
2.16712 0.000908773
0.80752 0.337725
0.69216 0.38867
0.34608 0.0583921
0.95584 0.333493
0.3708 0.0848143
0.03296 0.196716
0.62624 0.144712
0.65096 0.0398504
0.00824 0.402397
0.206 0.424614
0.65096 0.312564
0.56856 0.346487
0.7828 0.309837
0.50264 0.26802
0.34608 0.157313
1.21952 0.244216
1.16184 0.0997752
0.93112 0.28625
1.40904 0.0619187
0.11536 0.431722
0.824 0.311994
0.79928 0.415025
1.00528 0.323984
0.54384 0.231968
1.91168 0.00230584
0.5768 0.0245369
0.98056 0.0299081
1.90344 0.00994225
0.67568 0.332706
0.76632 0.0622985
0.26368 0.432305
0.32136 0.270475
0.32136 0.237244
0.05768 0.195942
0.89816 0.377168
0.09064 0.118656
1.82928 0.00751434
0.68392 0.180113
1.20304 0.110694
0.80752 0.270964
1.18656 0.0410711
0.56032 0.432847
0.25544 0.383719
1.07944 0.330427
0.88168 0.128666
0.56856 0.336124
0.07416 0.362194
1.45024 0.064645
0.46144 0.373669
0.9476 0.162426
1.13712 0.138256
0.3708 0.333669
1.0712 0.352279
0.21424 0.0884223
1.40904 0.0827798
1.54088 0.0407456
0.02472 0.270557
1.03824 0.254416
1.1124 0.101715
0.29664 0.163959
0.10712 0.0758215
0.83224 0.0723899
1.03824 0.0906196
1.03 0.0442586
1.17832 0.235996
1.61504 0.0520307
1.38432 0.0360118
0.02472 0.316891
0.68392 0.149649
1.18656 0.23757
0.4944 0.175448
0.14008 0.144698
0.93112 0.370725
0.46968 0.250333
0.04944 0.270258
0.59328 0.0521663
0.7004 0.0212138
0.60152 0.424913
1.1948 0.262134
0.2472 0.196132
0.73336 0.217509
0.7004 0.35769
0.92288 0.212531
1.33488 0.00587312
0.37904 0.192904
1.236 0.0882324
0.75808 0.00547977
0.67568 0.176329
0.69216 0.293263
0.23896 0.378633
0.7416 0.192551
0.73336 0.255786
2.20832 0.00259068
0.02472 0.414848
0.4944 0.0266257
0.73336 0.413275
0.17304 0.331146
0.31312 0.381291
0.04944 0.312903
1.05472 0.315087
1.14536 0.264114
0.95584 0.380844
0.14832 0.262934
0.03296 0.0336111
0.88992 0.351058
0.39552 0.0298539
0.44496 0.201137
1.68096 0.0394842
0.1648 0.354598
0.42848 0.0284433
1.20304 0.162453
1.1948 0.0580259
1.40904 0.140344
1.08768 0.0106204
0.10712 0.000556115
0.8652 0.272212
0.84048 0.359535
1.1124 0.279658
0.09888 0.306352
0.99704 0.0349403
1.2772 0.184901
1.18656 0.268332
0.60152 0.0878526
0.63448 0.0197217
0.00824 0.091542
0.88992 0.427042
1.00528 0.296993
0.70864 0.329274
0.9888 0.262988
1.83752 0.00690397
2.1836 0.000515424
0.65096 0.23757
1.04648 0.348345
0.42024 0.00849093
0.26368 0.38357
0.10712 0.328555
1.08768 0.181402
0.05768 0.245287
0.59328 0.37432
0 0.176288
0.07416 0.202792
1.34312 0.114058
0.62624 0.188686
1.13712 0.250143
0.31312 0.28035
0.7004 0.0298674
0.824 0.34395
0.4532 0.374076
0.89816 0.182026
1.96936 0.0155441
0.51088 0.405137
0.4944 0.3339
1.08768 0.314191
0.48616 0.183871
1.76336 0.0316714
0.04944 0.307857
0.70864 0.21622
1.66448 0.0026585
0.30488 0.3881
0.56032 0.437242
1.12888 0.247281
0.15656 0.0817625
1.00528 0.157489
0.93936 0.23171
0.7004 0.0747771
0.39552 0.0403523
0.95584 0.282398
0.206 0.128273
0.68392 0.219828
0.4532 0.105852
0.79928 0.431559
0.81576 0.37318
1.30192 0.20324
1.31016 0.0978491
0.93936 0.180412
1.39256 0.130972
0.4944 0.19445
0.25544 0.378796
0.03296 0.429389
0.51088 0.0862792
1.17832 0.256328
1.31016 0.15106
1.02176 0.243524
0.95584 0.0508235
0.7004 0.174403
0.14832 0.435642
1.03824 0.366263
0.77456 0.369572
0.10712 0.395493
1.30192 0.169398
0.7004 0.27567
0.14832 0.419446
0.97232 0.139232
1.18656 0.165085
0.206 0.267179
0.95584 0.382594
0.25544 0.34707
0.67568 0.228197
1.17832 0.239292
0.07416 0.379298
0.26368 0.106855
1.03 0.140806
0.23896 0.369437
0.21424 0.408785
0.60152 0.376612
0.51912 0.0824
1.1536 0.0907824
1.26072 0.128856
1.70568 0.0571849
0.98056 0.319346
0.9476 0.420531
0.37904 0.367619
0.07416 0.430148
0.0412 0.119646
1.49144 0.035293
0.9476 0.133969
0.5356 0.292828
0.79104 0.0750484
0.18952 0.0219733
0.32136 0.307369
1.37608 0.0287281
0.35432 0.408609
0.0412 0.374496
1.12064 0.056778
0.93112 0.216641
1.67272 0.0269377
0.46144 0.15639
0.17304 0.062407
0.1648 0.196905
0.56856 0.322954
1.03824 0.0809893
0.98056 0.147099
1.648 0.0292164
1.03 0.231303
1.03824 0.0102542
0.3296 0.355832
0.81576 0.444065
0.7828 0.114397
1.54088 0.0905789
0.89816 0.0308169
0.32136 0.39887
0.29664 0.191561
1.46672 0.128964
0.0412 0.348114
1.1536 0.0199795
0.95584 0.153461
1.07944 0.30075
0.03296 0.376843
1.80456 0.000135638
0.74984 0.110748
1.20304 0.187411
0.46144 0.0390773
0.33784 0.117028
1.59856 0.0698399
0.9064 0.282384
0.36256 0.0359711
0.80752 0.125533
0.89816 0.235996
0.824 0.149446
0.26368 0.435289
0.46144 0.21599
2.13416 0.00162765
0.824 0.179462
1.96112 0.0218513
0.00824 0.0392536
0.04944 0
0.17304 0.102393
1.00528 0.0213494
1.39256 0.00986087
0.60152 0.159578
0.21424 0.220249
1.03824 0.349457
0.50264 0.0470528
1.21952 0.233514
0.09064 0.185756
1.0712 0.239984
0.33784 0.114356
1.84576 0.0293656
0.40376 0.443359
0.206 0.348413
0.87344 0.341577
0.93936 0.395262
0.59328 0.00619865
1.86224 0.0289858
0.0412 0.0525597
0.52736 0.114438
1.04648 0.159293
0.0824 0.00845024
0.09064 0.0212951
0.6592 0.179517
0.48616 0.0501453
0.55208 0.129683
0.01648 0.403116
1.20304 0.228577
1.236 0.0193826
0.00824 0.265674
0.618 0.155997
0.46968 0.202453
0.68392 0.29664
0.01648 0.413614
0.14008 0.398517
0.50264 0.356904
0.34608 0.282398
0.09888 0.0239265
1.07944 0.159551
0.02472 0.322275
0.60976 0.394842
0.93936 0.0519222
1.02176 0.00754146
0.37904 0.201232
1.2772 0.128246
0.06592 0.172382
0.22248 0.418605
0.79104 0.248651
1.13712 0.0604402
0.3296 0.169968
0.92288 0.421834
0.38728 0.153067
0.83224 0.279143
1.21128 0.173779
1.75512 0.0212544
1.63976 0.0214036
1.35136 0.128395
0.47792 0.260357
0.54384 0.207512
1.10416 0.138134
0.56032 0.145512
0.6592 0.184793
0.85696 0.362126
0.7004 0.154912
0.9888 0.200242
0.58504 0.20834
0.85696 0.143749
0.206 0.269539
1.58208 0.0627596
1.5244 0.0262866
0.56856 0.200663
0.06592 0.0432413
0.28016 0.114872
1.03 0.300587
0.43672 0.120541
0.10712 0.303164
0.42024 0.146733
1.21128 0.0421969
1.21128 0.247268
0.40376 0.220547
1.12064 0.134797
0.64272 0.200934
0.30488 0.165668
0.48616 0.0870117
1.07944 0.00778561
1.58208 0.00754146
1.14536 0.0534006
0.66744 0.375337
0.23072 0.404024
0.18952 0.00429972
0.84048 0.30939
0.5768 0.432196
0.206 0.35548
0.74984 0.257224
1.09592 0.163389
1.45848 0.0539839
0.87344 0.387978
0.7828 0.397663
0.17304 0.0552995
1.74688 0.0374903
1.03824 0.294619
0.60976 0.196159
0.46968 0.276362
0.00824 0.417005
0 0.0228957
0.48616 0.177482
1.0712 0.17599
0.618 0.0465238
0.824 0.266569
0.1236 0.439236
1.1536 0.0312374
0.14008 0.194152
1.5656 0.0359305
0.14008 0.424506
0.51088 0.00206169
0.17304 0.37299
0.80752 0.0469307
0.23896 0.165451
0.39552 0.365463
0.70864 0.154207
0.47792 0.316321
0.4944 0.287729
1.66448 0.0354693
0.84048 0.0581615
0.7004 0.30996
0.55208 0.0906061
0.28016 0.294103
0.47792 0.37786
0.412 0.181972
0.9064 0.329274
0.33784 0.360756
1.49144 0.0186909
1.17832 0.237312
0.59328 0.2531
0.59328 0.0672764
1.01352 0.279916
0.14832 0.194844
0.62624 0.180127
0.73336 0.410671
0.73336 0.303449
1.01352 0.331146
0.1648 0.235291
0.51088 0.331282
1.43376 0.143763
0.3708 0.282615
0.27192 0.393187
0.87344 0.348142
1.32664 0.0384533
0.39552 0.276579
0.63448 0.217007
0.93936 0.281272
0.13184 0.270462
0.58504 0.402207
0.68392 0.106232
0.2472 0.124448
0.68392 0.104631
0.5356 0.235494
0.35432 0.0628681
0.8652 0.351587
0.27192 0.330861
0.25544 0.280906
0.56032 0.0666524
0.96408 0.375256
0.79928 0.014364
0.23072 0.132423
0.05768 0.188401
0.42848 0.411905
0.84048 0.25721
0.42024 0.370047
1.10416 0.0244148
0.1236 0.281259
0.01648 0.303598
0.66744 0.0204542
1.01352 0.142108
1.03 0.243795
1.61504 0.0800399
0.7828 0.25976
0.60976 0.194939
0.99704 0.065174
0.38728 0.188509
0.22248 0.011692
1.09592 0.242534
0.07416 0.399141
0.33784 0.215271
1.82104 0.0243741
0.412 0.240011
1.0712 0.197706
0.59328 0.386025
1.59032 0.0193962
0.69216 0.28724
0.79928 0.0935765
0.25544 0.110219
0.4944 0.0547841
0.92288 0.0318342
0.80752 0.253968
1.92816 0.00746008
0.64272 0.0536854
0.21424 0.377358
0.35432 0.207879
0.10712 0.130809
0.17304 0.14619
0.09888 0.418199
1.0712 0.28073
0.13184 0.409925
1.2772 0.0896023
0.64272 0.358965
0.0412 0.416164
0.93936 0.278681
0.43672 0.0821016
0.18128 0.394774
1.21128 0.181605
0.618 0.030193
0.76632 0.237746
0.28016 0.392807
0.48616 0.181619
0.95584 0.142121
0.84872 0.310299
0.14008 0.231859
1.14536 0.0152593
0.87344 0.267044
0.9476 0.0263816
1.4008 0.115563
0.92288 0.135801
0.02472 0.310923
1.67272 0.0225023
1.33488 0.00706673
0.68392 0.244284
0.59328 0.00493722
1.03 0.310244
0.4532 0.243755
0.51088 0.334903
0.29664 0.370047
0.27192 0.355995
0.25544 0.130429
0.35432 0.0521663
1.3596 0.156295
0.84048 0.220669
0 0.106611
0.50264 0.276335
0.72512 0.0856282
0.85696 0.341048
0.85696 0.0306813
1.40904 0.0100915
0.5768 0.241869
0.09888 0.195034
0.37904 0.333967
0.9064 0.198587
1.62328 0.00214308
0.72512 0.178649
0.91464 0.0303557
1.12064 0.0210781
1.02176 0.172246
0.56032 0.341712
0.06592 0.395045
0.0824 0.0460897
0.51088 0.352387
0.89816 0.222948
0.42848 0.113041
0.29664 0.0450589
0.72512 0.143152
0.93112 0.433024
1.40904 0.0728782
0.89816 0.1809
0.15656 0.083363
0.70864 0.171826
0.88168 0.2209
0.55208 0.401149
0.32136 0.259706
0.55208 0.287932
1.16184 0.0471206
0.62624 0.30608
0.09888 0.0589753
0.206 0.184155