0.471511 0.414563
0.347911 0.347331
0.302133 0.747032
0.233467 0.50853
1.35244 0.145355
0.421155 0.559343
0.100711 0.462111
0.549333 0.30018
0.842311 0.473739
0.599689 0.111789
0.251778 0.951872
0.448622 0.120426
1.41873 0.126938
1.47539 0.0168923
0.173956 0.357067
0.393689 0.815943
1.16357 0.131787
0.3296 0.449721
0.0137333 0.083285
0.141911 0.121647
0.100711 0.331553
0.416578 0.912198
0.0274667 0.295267
0.100711 0.977203
0.178533 0.978271
0.462355 0.543901
0.215155 0.577441
0.439467 0.243812
0.100711 0.626423
0.929289 0.402661
0.320444 0.554186
0.334178 0.637806
0.7416 0.278207
0.251778 0.689199
0.228889 0.576952
0.384533 0.649251
0.2884 0.225959
0.4532 0.239479
0.608844 0.393048
1.15798 0.224894
0.4532 0.511429
0.558489 0.229316
0.984222 0.251228
1.51765 0.0708346
0.457778 0.49794
0.585955 0.36784
0.563066 0.778191
1.10445 0.302257
0.563066 0.32252
0.668355 0.0106204
1.3008 0.0283352
0.155644 0.203467
0.901822 0.338664
0.837733 0.535447
0.0640889 0.298959
0.892666 0.0498367
1.19219 0.0502794
0.581378 0.21775
0.654622 0.539567
0.476089 0.76458
0.357067 0.665883
1.21604 0.121172
0 0.44966
0.540178 0.684835
0.878933 0.0368053
1.204 0.106081
0.595111 0.374096
0.402844 0.513382
0.215155 0.920713
1.1415 0.0865294
0.421155 0.766961
0.7004 0.237098
0.512711 0.093112
0.7004 0.0999786
0.480667 0.347392
0.901822 0.0452895
1.06419 0.0398831
0.604266 0.306131
0.137333 0.489395
0.910978 0.481124
0.128178 0.292123
0.183111 0.322214
0.206 0.468978
0.137333 0.591357
1.496 0.036405
0.270089 0.416944
0.270089 0.0967742
0.4532 0.812372
0.274667 0.669271
0.526444 0.229408
1.09419 0.0486343
0.251778 0.659963
0.196844 0.419019
1.61786 0.0740771
0.0412 0.139256
0.773644 0.556871
1.36819 0.0142293
0.0549333 0.394635
0.100711 0.882839
0.663778 0.298227
0.105289 0.45967
1.17487 0.280102
0.151067 0.249306
1.33716 0.153287
0.563066 0.510819
0.897244 0.0665609
0.384533 0.939146
0.416578 0.817866
1.3008 0.162441
0.00457778 0.719749
0.0961333 0.900906
1.48558 0.0540271
0.325022 0.0843837
0.151067 0.224921
0.352489 0.414167
0.334178 0.839015
1.5289 0.0509015
0.714133 0.388379
1.57728 0.0911651
0.215155 0.488845
0.915555 0.36729
0.398267 0.635426
0.563066 0.638936
0.457778 0.225074
0.3708 0.94174
0.302133 0.310526
0.206 0.858089
0.343333 0.261086
1.13609 0.00521099
1.05929 0.00886983
0.00457778 0.165746
0.219733 0.404584
0.787378 0.079989
1.05442 0.304329
1.40129 0.0846936
0.636311 0.517075
0.0137333 0.411756
0.398267 0.33314
0.476089 0.0673849
0.201422 0.000488296
0.306711 0.932432
0.888089 0.000915555
0.141911 0.394208
1.2801 0.212812
0.508133 0.00225837
0.109867 0.324503
0.334178 0.126621
0.173956 0.8099
0.599689 0.175634
0.270089 0.327799
0.0549333 0.616169
0.439467 0.201849
0.0320444 0.292428
0.498978 0.850826
0.640889 0.142003
0.219733 0.822443
0.347911 0.551683
0.00915555 0.421461
0.146489 0.694052
1.54047 0.0081345
0.457778 0.206641
0.201422 0.337291
0.439467 0.289346
0.379955 0.673788
0.462355 0.0562761
0.769066 0.622181
0.320444 0.788385
0.979644 0.359691
0.215155 0.288766
0.961333 0.404218
0.398267 0.850734
0.3708 0.591998
0.544755 0.199164
0.833155 0.121738
1.16357 0.108979
0.695822 0.162389
0.457778 0.455824
0.856044 0.246376
0.215155 0.011536
0.430311 0.324747
0.0274667 0.607074
0.814844 0.0776086
0.137333 0.915555
0.430311 0.286905
0.485244 0.607624
0.274667 0.717185
1.2472 0.150999
0.590533 0.0808741
0.549333 0.5627
1.73424 0.00225344
1.30788 0.0151805
0.274667 0.950591
0.897244 0.471755
0.462355 0.0265816
0.1648 0.365825
0.984222 0.0773644
0.0778222 0.240272
0.0961333 0.0543535
0.787378 0.491836
0.5768 0.156743
1.32232 0.0180216
0.0366222 0.16242
0.361644 0.966491
1.60386 0.0714302
0.169378 0.253914
0.636311 0.481704
0.952177 0.256966
1.4277 0.0497187
0.2884 0.402631
1.33716 0.0908772
0.901822 0.08417
1.03521 0.108428
0.311289 0.89227
0.563066 0.633106
0.645466 0.245888
0.544755 0.124699
0.389111 0.960143
1.03521 0.198594
0.0549333 0.389447
0.141911 0.934751
0.311289 0.505509
0.279244 0.61272
0.531022 0.0148015
0.0228889 0.613819
0.183111 0.241798
0.0686666 0.0219428
0.727866 0.293832
0.132756 0.239753
0.265511 0.592181
0.897244 0.296823
0.0824 0.40318
0.0503555 0.264077
0.5356 0.0671407
0.608844 0.502792
0.805689 0.433119
0.2884 0.290445
0.9064 0.142064
0.105289 0.71099
0.604266 0.0276193
0.480667 0.07004
0.457778 0.30546
0.160222 0.130497
0.2472 0.921751
1.07407 0.0461586
1.69699 0.056911
0.0503555 0.604724
0.462355 0.76278
0.5768 0.46202
0.0869778 0.553697
1.496 0.0163889
0.187689 0.975494
0.4532 0.576189
0.952177 0.257851
0.5356 0.771508
0.160222 0.293832
1.02576 0.0301587
1.08911 0.254675
0.338755 0.223853
0.485244 0.721824
0.599689 0.411603
0.956755 0.280038
0.489822 0.242836
0.929289 0.255989
1.03521 0.145512
1.16919 0.0098635
0.224311 0.336009
0.7828 0.393048
0.801111 0.242256
1.04958 0.147027
0.7004 0.136143
0.439467 0.92996
0.160222 0.926176
0.434889 0.342235
0.2884 0.608814
0.0320444 0.322703
0.320444 0.276223
0.444044 0.460097
0.686666 0.487472
0.723289 0.11127
1.33716 0.155848
0.366222 0.358013
1.41873 0.0334958
0.265511 0.432936
0.888089 0.394513
0.274667 0.718711
0.270089 0.299478
0.444044 0.641713
0.0412 0.847102
0.228889 0.573504
1.03997 0.0703242
0.384533 0.401776
0.0457778 0.0953398
0.622578 0.637837
1.82372 0.00618747
0.215155 0.179785
0.105289 0.691122
0.302133 0.657399
0.604266 0.188086
1.25363 0.150652
0.924711 0.435499
0.407422 0.794977
0.357067 0.368847
0.517289 0.406964
0.210578 0.383435
0.00457778 0.35139
0.141911 0.559038
0.508133 0.337168
0.5768 0.431806
0.7828 0.150975
1.08911 0.210086
0.526444 0.308145
1.40129 0.0120898
1.0164 0.377855
0.622578 0.0261849
0.384533 0.924955
0.750755 0.541581
1.03047 0.16454
0.714133 0.290567
1.25363 0.13363
0.379955 0.0994903
0.292978 0.201147
0.627155 0.117466
0.320444 0.905118
0.283822 0.0298166
0.466933 0.199225
0.219733 0.772729
0.0732444 0.844234
0.343333 0.783471
0.357067 0.978088
0.334178 0.437422
0.714133 0.418744
0.805689 0.336039
0.2472 0.367016
1.1201 0.0276654
0.3708 0.54033
0.448622 0.616474
0.242622 0.282601
0.201422 0.125919
0.878933 0.302683
0.0137333 0.640889
0.933866 0.405499
0.718711 0.172857
0.0320444 0.62862
0.531022 0.2172
0.416578 0.0121464
0.810266 0.373516
0.883511 0.18424
0.0686666 0.584155
1.03521 0.309258
0.306711 0.636586
0.4532 0.657338
0.357067 0.791803
0.105289 0.0118107
0.196844 0.830103
2.096 0.000571724
0.196844 0.929807
0.338755 0.927549
0.0320444 0.00872829
0.814844 0.438307
0.0778222 0.991302
0.984222 0.113956
1.64751 0.0089643
0.384533 0.925413
0.389111 0.871242
0.215155 0.430158
0.192267 0.263283
0.618 0.139653
0.572222 0.215308
0.8652 0.0845973
1.47539 0.0988555
1.10445 0.0302744
0.563066 0.709525
0.851466 0.0687887
1.3928 0.0845734
0.402844 0.374615
0.801111 0.430799
0.540178 0.290689
1.16357 0.173639
0.0824 0.775262
0.604266 0.0358592
0.347911 0.0285958
0.325022 0.538072
1.08407 0.203061
0.640889 0.155248
1.07407 0.129902
0.883511 0.174017
0.869778 0.17069
0.521867 0.10947
0.485244 0.426557
0.192267 0.466994
0.704978 0.511643
0.137333 0.76574
0.398267 0.442061
1.13072 0.0852516
0.0366222 0.12067
0.105289 0.565233
0.393689 0.857906
0.837733 0.318735
0.251778 0.610462
0.828578 0.37846
0.393689 0.72631
0.503555 0.635487
0.425733 0.902188
0.219733 0.961303
0.137333 0.219947
0.366222 0.546861
0.801111 0.102573
0.210578 0.761803
0.3296 0.101047
1.82372 0.0159906
0.146489 0.474593
1.00254 0.176801
0.0457778 0.810083
1.57728 0.0791076
0.169378 0.827326
0.0503555 0.979034
1.03047 0.152035
0.631733 0.39256
0.137333 0.428022
0.00457778 0.161107
0.233467 0.0374767
0.572222 0.655049
0.3296 0.306864
0.759911 0.359416
0.526444 0.481704
0.0915555 0.017304
0.485244 0.633808
0.398267 0.375072
0.590533 0.501755
0.677511 0.0450758
0.965911 0.28544
0.444044 0.52147
0.265511 0.533952
0.187689 0.947813
0.132756 0.9129
0.682089 0.197821
1.44618 0.0636124
1.33716 0.0590136
0.997955 0.0867946
0.311289 0.0621357
0.132756 0.0814844
0.228889 0.159917
0.407422 0.648427
0.846889 0.337352
0.466933 0.724296
1.06419 0.35377
0.952177 0.252266
0.801111 0.251411
1.26014 0.0332818
1.02576 0.238061
0.599689 0.366558
0.279244 0.35905
0.393689 0.216498
0.425733 0.271493
1.25363 0.182579
0.9064 0.224281
0.430311 0.15418
1.18637 0.0689673
0.833155 0.485153
0.00457778 0.134587
0.897244 0.378796
0.228889 0.775079
0.0137333 0.879666
0.434889 0.352489
0.723289 0.403455
0.343333 0.0986358
0.856044 0.13303
0.993377 0.0559709
0.343333 0.894131
0.842311 0.281503
0.297555 0.234565
0.393689 0.417493
1.00714 0.225517
0.622578 0.528062
0.215155 0.72454
0.00457778 0.204932
0.183111 0.303659
0.9476 0.423444
0.727866 0.277444
0.805689 0.528336
0.714133 0.0778527
0.173956 0.65215
0.260933 0.43852
0.224311 0.4073
0.837733 0.291452
0.595111 0.304392
0.357067 0.683035
0.563066 0.276681
0.439467 0.852474
0.325022 0.220527
0.8652 0.416181
0.146489 0.315622
1.01176 0.11052
0.119022 0.903897
0.4532 0.517502
0.302133 0.839198
0.0732444 0.726829
0.622578 0.239113
1.03047 0.147956
0.361644 0.534104
1.15798 0.122562
0.0595111 0.429273
0.9476 0.30903
0.320444 0.538713
0.173956 0.326792
0.0412 0.628712
1.18637 0.224608
0.0183111 0.565905
0.398267 0.582446
0.114444 0.135838
0.521867 0.68807
0.0503555 0.683706
0.814844 0.380139
1.19807 0.0677309
0.274667 0.673238
0.759911 0.254128
1.18059 0.0880941
0.508133 0.439619
0.141911 0.0896023
0.228889 0.351299
0.325022 0.245186
0.622578 0.661367
0.590533 0.205115
0.544755 0.175481
0.878933 0.282052
0.585955 0.0828883
0.0366222 0.951994
0.439467 0.618213
0.0778222 0.459548
0.631733 0.570391
0.265511 0.618458
0.0961333 0.787713
0.224311 0.0177923
0.773644 0.24781
0.151067 0.440596
0.3708 0.354411
0.503555 0.137272
0.567644 0.433149
0.682089 0.234809
0.489822 0.267037
0.5768 0.76809
0.558489 0.68392
0.718711 0.541612
1.07905 0.0327738
0.1648 0.260964
0.677511 0.134342
0.498978 0.610309
0.476089 0.703207
0.279244 0.790429
0.375378 0.636891
0.773644 0.193548
0.302133 0.61504
0.503555 0.660909
0.622578 0.0499283
1.19807 0.00305179
0.343333 0.678884
1.48558 0.0491315
1.1254 0.300488
0.938444 0.289712
0.0915555 0.489608
0.769066 0.481735
1.13072 0.167891
0.5768 0.290414
0.640889 0.0542009
0.334178 0.0285043
0.183111 0.706046
0.828578 0.298257
0.315867 0.946806
0.956755 0.120548
1.79899 0.01209
0.109867 0.298959
0.430311 0.0614032
0.105289 0.289621
0.5768 0.166082
0.306711 0.492141
1.64751 0.021786
0.0137333 0.250679
1.8505 0.0245447
0.599689 0.53325
0.489822 0.186193
0.650044 0.610462
1.28691 0.210438
0.137333 0.936033
0.5768 0.143803
0.119022 0.643788
0.585955 0.749657
0.183111 0.480819
0.791955 0.33668
0.567644 0.0435499
0.636311 0.276345
0.306711 0.989776
1.04476 0.174866
0.5356 0.192663
1.04476 0.0309579
0.224311 0.617969
0.128178 0.299936
0.819422 0.26249
0.416578 0.840968
0.412 0.635456
0.498978 0.684408
0.1648 0.481338
0.210578 0.337901
0.439467 0.304788
0.430311 0.673177
0.819422 0.00872829
1.47539 0.0868352
0.517289 0.138676
0.933866 0.420118
0.682089 0.547807
0.796533 0.270913
0.618 0.60799
0.526444 0.718863
0.650044 0.462294
0.444044 0.172124
0.636311 0.711936
0.233467 0.332286
0.888089 0.186407
0.883511 0.201025
0.508133 0.0507523
0.439467 0.519639
0.0366222 0.480178
0.645466 0.191015
0.480667 0.188818
0.320444 0.0368358
0.0320444 0.597827
0.279244 0.693503
0.544755 0.523331
1.47539 0.0393368
1.18637 0.0939237
0.343333 0.192419
0.943022 0.129643
0.439467 0.818567
0.402844 0.845363
0.801111 0.257851
0.549333 0.488021
0.132756 0.881375
0.979644 0.250435
1.41873 0.0765056
0.274667 0.0633869
0.407422 0.314005
0.0457778 0.273507
0.338755 0.603351
0.531022 0.383892
0.462355 0.887051
0.265511 0.584704
0.0961333 0.747185
0.192267 0.703757
0.704978 0.267891
0.274667 0.4391
0.343333 0.0852687
0.228889 0.902402
0.997955 0.0512711
0.196844 0.02884
0.146489 0.102481
1.44618 0.0838534
0.137333 0.78103
0.631733 0.584857
0.4532 0.770226
1.57728 0.0131556
0.302133 0.401166
0.457778 0.782861
0.160222 0.479598
1.09931 0.28369
0.567644 0.503128
0.682089 0.547716
0.132756 0.50557
0.347911 0.712363
0.352489 0.943541
0.265511 0.738212
0.270089 0.482711
0.759911 0.145756
0.714133 0.114933
0.608844 0.165349
0.1648 0.697836
0.169378 0.418287
0.663778 0.0630818
0.0915555 0.609119
0.686666 0.38377
0.4944 0.568438
0.0961333 0.836573
0.325022 0.260506
0.750755 0.313242
0.219733 0.607349
1.1201 0.250764
0.283822 0.91876
0.3296 0.527329
0.842311 0.0239875
0.695822 0.5786
1.03997 0.110869
1.40129 0.0233474
0.238044 0.612415
1.06419 0.0579187
0.306711 0.212104
0.563066 0.63036
0.714133 0.505448
0.0961333 0.844661
1.204 0.128511
0.425733 0.479354
0.544755 0.34138
0.704978 0.436476
0.128178 0.456709
0.498978 0.808344
0.860622 0.3314
0.347911 0.740837
0.00915555 0.0912198
1.50669 0.0232799
0.631733 0.417127
0.389111 0.439528
0.0366222 0.707816
0.0869778 0.170415
0.439467 0.287118
0.599689 0.452315
0.384533 0.0970489
0.682089 0.6545
0.412 0.389569
0.892666 0.491714
0.265511 0.398541
0.636311 0.122898
0.933866 0.469863
0.915555 0.260872
1.22831 0.0824907
1.23454 0.116603
0.297555 0.0310068
0.425733 0.701285
1.1254 0.0445956
1.19807 0.031204
0.0824 0.892911
0.306711 0.599902
0.137333 0.0924711
0.778222 0.518448
1.15798 0.103186
0.242622 0.82403
0.132756 0.556597
0.750755 0.495071
0.315867 0.579852
0.0183111 0.993713
0.961333 0.0771203
0.485244 0.0640584
0.1236 0.474746
0.192267 0.604328
0.0686666 0.123936
0.402844 0.643086
0.943022 0.0398267
0.0732444 0.0712607
0.567644 0.663137
0.540178 0.832331
0.265511 0.821406
0.00915555 0.141881
0.888089 0.325816
0.677511 0.126408
0.773644 0.11951
0.412 0.849422
0.663778 0.295022
0.393689 0.243324
0.636311 0.179998
1.2801 0.179354
1.82372 0.00859069
0.352489 0.116153
0.338755 0.888028
0.430311 0.0411695
0.384533 0.198706
0.379955 0.79754
0.283822 0.448103
0.338755 0.475295
1.17487 0.253114
0.407422 0.298105
0.114444 0.0376293
0.480667 0.280679
0.1648 0.417829
0.0228889 0.688559
0.292978 0.798364
0.627155 0.391858
0.471511 0.127567
0.764489 0.267861
0.00457778 0.17066
0.224311 0.614429
0.210578 0.363262
0.4532 0.470626
0.810266 0.406262
0.8652 0.120518
0.512711 0.275857
0.531022 0.810968
0.476089 0.483139
0.0778222 0.0798975
0.801111 0.50972
0.306711 0.655477
1.8505 0.0266347
0.590533 0.0843226
0.260933 0.147649
0.517289 0.153111
0.132756 0.0235908
0.791955 0.21662
0.297555 0.986389
0.810266 0.490432
0.173956 0.749321
0.0824 0.625202
0.672933 0.0585345
0.691244 0.202582
0.732444 0.208197
0.270089 0.149449
0.0640889 0.20127
1.28691 0.0494154
0.9064 0.216254
0.325022 0.36491
0.192267 0.246132
0.1648 0.530992
0.215155 0.45143
0.265511 0.0556658
0.0549333 0.748894
0.631733 0.635456
0.540178 0.483596
0.315867 0.615467
0.462355 0.855831
0.357067 0.869625
0.402844 0.913816
0.7416 0.0438856
0.723289 0.524064
0.512711 0.164922
0.938444 0.309885
0.270089 0.796381
0.485244 0.322611
1.47539 0.0949413
0.9888 0.0178838
0.929289 0.284494
0.521867 0.221168
0.325022 0.839076
0.412 0.18778
0.7416 0.252846
0.0778222 0.285104
0.311289 0.854183
0.553911 0.405103
0.910978 0.451582
0.00457778 0.968139
0.993377 0.139073
0.119022 0.16364
0.274667 0.0527055
0.402844 0.805567
0.7004 0.626362
0.1648 0.614948
1.51765 0.0677898
0.343333 0.768426
0.0274667 0.273324
0.0961333 0.860134
0.215155 0.402417
0.485244 0.663533
0.402844 0.0874355
0.9888 0.137272
0.109867 0.200598
0.439467 0.764946
0.970489 0.354656
0.421155 0.904965
0.727866 0.164403
1.77599 0.0380321
2.46858 0.00164613
0.3296 0.67687
0.3708 0.568255
0 0.58504
0.704978 0.240883
0.997955 0.289682
0.334178 0.127903
0.613422 0.33137
0.187689 0.435194
0.3708 0.193213
0.0732444 0.187628
1.77599 0.0383276
1.02576 0.179764
1.00714 0.0379952
0.210578 0.204077
0.393689 0.94586
1.91209 0.0102117
0.581378 0.622944
0.498978 0.276589
0.924711 0.164006
0.0961333 0.233741
0.466933 0.450636
0.819422 0.44557
0.933866 0.176153
0.650044 0.636464
0.604266 0.776116
0.132756 0.627247
0.393689 0.00656148
0.471511 0.104984
0.558489 0.321299
0.476089 0.330302
0.7416 0.135014
0.297555 0.457167
0.265511 0.457045
0.910978 0.0553606
0.0778222 0.184149
0.892666 0.434492
1.00714 0.333806
0.0137333 0.913846
0.219733 0.194739
0.109867 0.312418
0.228889 0.100131
0.141911 0.255623
0.640889 0.409253
0.9064 0.38963
0.824 0.360332
0.0503555 0.434889
0.0503555 0.591632
0.151067 0.841578
0.7004 0.495041
0.206 0.181097
0.132756 0.710349
0.238044 0.760552
0.933866 0.178014
1.16919 0.225303
0.791955 0.137089
0.759911 0.0544755
0.187689 0.165654
0.750755 0.00698874
0.531022 0.134983
0.682089 0.580706
0.897244 0.26783
0.183111 0.603809
0.9476 0.0154729
0.595111 0.337657
0.581378 0.747276
0.695822 0.58919
0.233467 0.953276
0.984222 0.311747
0.833155 0.559282
0.425733 0.449232
0.265511 0.878445
0.796533 0.0447096
0.256355 0.205451
0.553911 0.196966
0.457778 0.795221
0.283822 0.667898
0.704978 0.54915
0.929289 0.0781274
0.714133 0.589953
0.508133 0.487411
0.256355 0.25605
0.183111 0.158727
0.196844 0.416028
0.915555 0.0115665
0.0412 0.0490127
1.22215 0.231333
0.155644 0.516739
1.75448 0.025492
0.302133 0.108249
0.114444 0.473678
0.791955 0.0769372
0.325022 0.194037
0.9476 0.100803
0.0869778 0.39964
0.457778 0.127232
1.00714 0.209125
0.260933 0.97235
0.260933 0.787591
0.3296 0.147801
0.119022 0.990875
0.677511 0.150975
0.00915555 0.963073
1.16919 0.130203
0.325022 0.35725
0.5768 0.679464
0.183111 0.594409
0.833155 0.330668
1.23454 0.0956559
0.558489 0.799463
0.379955 0.475295
0.979644 0.189184
0.851466 0.0472732
0.549333 0.140049
0.105289 0.95529
0.553911 0.527665
0.439467 0.109073
0.581378 0.592975
1.05442 0.111879
0.192267 0.966826
0.627155 0.728568
0.412 0.731254
0.521867 0.729881
0.856044 0.25074
0.512711 0.42262
0.228889 0.805048
0.489822 0.00436415
0.737022 0.295175
1.75448 0.0413006
0.402844 0.0204779
0.196844 0.755699
0.869778 0.307443
0.315867 0.38667
0.306711 0.306528
0.412 0.242805
0.888089 0.465194
0.608844 0.138676
0.228889 0.441237
0.320444 0.846004
0.128178 0.685263
0.347911 0.711814
0.732444 0.440229
0.215155 0.0520035
0.265511 0.367351
1.1254 0.0604343
0.732444 0.355846
1.14695 0.108895