0.107798 0.421055
0.741905 0.463974
0.171209 0.349605
0.202914 0.117101
1.39503 0.00819593
0.982866 0.0970513
0.564355 0.597907
1.22383 0.00568428
0.107798 0.126905
1.17944 0.200933
0.634107 0.462652
0.729223 0.543509
1.03994 0.0369698
0.450216 0.0242573
0.0253643 0.113465
0.329736 0.0215694
0.703859 0.32949
0.621425 0.285183
0.399487 0.357559
0.164868 0.521918
0.53265 0.262336
0.488262 0.527889
0.906773 0.284456
0.678494 0.310035
0.583378 0.54243
0.7102 0.0568868
1.31894 0.0385782
0.856044 0.334469
0.196573 0.631153
0.786292 0.546307
0.976524 0.397833
0.640448 0.148254
0.627766 0.440862
0.53265 0.487658
0.481921 0.193265
1.91414 0.0288121
0.0570696 0.682025
0.558014 0.548665
1.50283 0.00592663
0.272666 0.604626
0.0697517 0.68403
0.0443875 0.272515
0.913114 0.222634
0.133162 0.668409
0.716541 0.0687401
0.932137 0.11829
0.868726 0.0720449
1.03359 0.320897
0.0126821 0.250152
1.0653 0.303888
1.16676 0.180333
0.0443875 0.569639
0.494603 0.631616
1.66136 0.0383578
0.697517 0.362362
0.615084 0.61291
0.970183 0.299108
0.538991 0.625226
0.12048 0.0656776
0.564355 0.665457
0.900432 0.224375
1.30626 0.102956
0.272666 0.208864
0.443875 0.411273
0.53265 0.374039
0.792634 0.341145
0.722882 0.0872911
0.583378 0.586626
0.792634 0.241714
0.754587 0.565828
0.792634 0.543884
0.564355 0.0626813
0.101457 0.30792
0.412169 0.375735
1.68038 0.0580766
0.862385 0.14257
1.07798 0.163478
0.450216 0.30781
0.729223 0.240855
0.348759 0.422619
0.405828 0.526016
0.361441 0.155789
0.786292 0.310939
0.456557 0.263394
0.393146 0.503697
0.386805 0.0689824
0.697517 0.486623
1.23017 0.121595
0.640448 0.283861
0.849703 0.247046
0.875067 0.150501
0.691176 0.280997
1.8562 0.0177416
0.665812 0.214108
1.33797 0.0992545
0.342418 0.305541
0.088775 0.602754
0.29803 0.374766
0.488262 0.441325
0.900432 0.423545
0.0760928 0.184673
0.570696 0.182844
0.0443875 0.548973
1.29992 0.156075
0.0380464 0.665964
1.02091 0.160372
0.0317053 0.350222
0.716541 0.485543
0.443875 0.391885
0.152186 0.440289
1.97452 0.019874
0.158527 0.565189
0.589719 0.230037
0.443875 0.0507619
0.577037 0.39173
0.107798 0.0688062
0.107798 0.367583
0.957501 0.162773
0.507285 0.509183
0.196573 0.382235
0.29803 0.5961
0.684835 0.404795
0.0317053 0.442118
0.989207 0.0353395
0.729223 0.303624
0.507285 0.634061
0.672153 0.51793
0.786292 0.174164
0.342418 0.675658
1.79452 0.00918738
0.716541 0.21836
0.126821 0.496559
0.374123 0.425572
1.40138 0.0179782
0.310712 0.525685
1.2809 0.132853
0.824339 0.353284
1.38235 0.00942973
0.77361 0.585811
0.824339 0.201131
0.0317053 0.13162
0.196573 0.15819
0.431193 0.680417
0.0380464 0.59339
0.608743 0.433657
0.824339 0.247134
0.145845 0.690309
1.80086 0.0288301
0.266325 0.0245437
0.703859 0.453839
0.640448 0.189476
1.28724 0.00246759
0.171209 0.289325
0.545332 0.594888
0.215596 0.210472
1.73111 0.0243675
0.760928 0.0482062
0.856044 0.346476
1.59161 0.07416
0.875067 0.124878
0.23462 0.527338
0.995548 0.158873
0.469239 0.333147
0.0697517 0.621393
0.577037 0.466794
0.0634107 0.384416
0.0760928 0.450402
0.393146 0.304814
0.538991 0.0301179
0.634107 0.309154
0.519968 0.603679
0.570696 0.540645
1.21114 0.0828626
0.811657 0.350596
0.158527 0.239136
0.545332 0.506275
0.253643 0.701964
0.494603 0.55598
0.900432 0.178945
0.577037 0.648999
0.323394 0.0733007
0.634107 0.251298
1.11603 0.0577461
0.0824339 0.617471
0.602401 0.195733
0.285348 0.0987257
1.02725 0.0261521
1.23017 0.118709
0.41851 0.559042
0.336077 0.629082
2.05089 0.0157238
1.10969 0.194852
0.583378 0.336584
0.621425 0.543091
0.95116 0.0322109
0.29803 0.0094077
0.608743 0.344207
0.0697517 0.363706
0.0634107 0.149972
0.925796 0.0625491
0.824339 0.383424
0.456557 0.068696
0.856044 0.0469283
0.868726 0.475959
0.697517 0.46816
0.41851 0.00242353
0.0697517 0.138538
0.329736 0.596012
1.40772 0.109632
0.3551 0.351874
0.913114 0.488473
1.49649 0.118158
0.640448 0.651334
0.29803 0.065215
1.59795 0.019256
0.47558 0.149642
0.0190232 0.00874674
1.21749 0.0165902
0.393146 0.709477
0.196573 0.672529
0.29803 0.564991
0.558014 0.446965
0.336077 0.15266
1.02725 0.0154886
1.28724 0.0412881
0.716541 0.245548
1.4204 0.122366
0.443875 0.713046
0.77361 0.102625
0.0253643 0.39693
0.53265 0.398318
0.0570696 0.362472
0.545332 0.0112143
0.77361 0.513612
0.868726 0.41916
1.16676 0.0165241
0.995548 0.0586714
0.450216 0.617757
0.488262 0.317526
0.259984 0.571931
0.615084 0.00282011
0.3551 0.685396
0.798975 0.251915
0.310712 0.0859471
0.767269 0.519142
0.272666 0.414974
0.754587 0.419777
1.62331 0.0444167
1.00823 0.37481
0.729223 0.191679
1.21114 0.155304
0.817998 0.0244997
0.247302 0.0341718
0.703859 0.0536261
0.627766 0.404994
0.0317053 0.215474
0.748246 0.051511
1.62331 0.0409797
0.431193 0.661733
0.481921 0.15222
1.19212 0.034348
1.14773 0.0716263
0.456557 0.472875
0.703859 0.604274
0.190232 0.289524
0.792634 0.308802
0.342418 0.43824
0.481921 0.382719
0.589719 0.277736
2.29882 0.00262222
0.133162 0.168612
0.697517 0.165108
0.849703 0.256299
0.221937 0.0323872
0.849703 0.4686
1.50917 0.0460691
0.101457 0.310586
1.29992 0.0577461
0.837021 0.253413
1.28724 0.128689
0.900432 0.364917
0.0570696 0.528836
0.0190232 0.478955
0.380464 0.198245
1.21114 0.159182
0.570696 0.254625
0.551673 0.563603
0.558014 0.720581
0.443875 0.107627
0.342418 0.135629
0.202914 0.33925
0.0380464 0.392568
1.40772 0.141688
0.348759 0.639591
1.17944 0.189939
0.564355 0.42826
0.678494 0.493166
0.133162 0.268725
0.659471 0.170044
0.329736 0.349958
1.08432 0.301994
0.824339 0.193398
0.672153 0.251717
0.240961 0.314508
0 0.398274
0.976524 0.108772
0.183891 0.070062
0.754587 0.447119
0.0126821 0.260023
0.963842 0.169118
0.634107 0.510065
0.386805 0.104058
0.53265 0.615973
0.0570696 0.107164
0.754587 0.36538
0.171209 0.276877
0.786292 0.0283112
0.266325 0.569309
1.11603 0.0076231
0.570696 0.458223
0.963842 0.263658
0.12048 0.0593104
0.856044 0.365821
0.437534 0.49169
0.240961 0.510637
1.24285 0.188639
0.748246 0.324819
0.824339 0.160614
0.583378 0.413234
0.23462 0.062527
0.0126821 0.269408
0.107798 0.57149
0.12048 0.570609
0.304371 0.615753
0.729223 0.132611
0 0.334777
0.583378 0.270995
0.23462 0.100819
0.963842 0.100422
0.456557 0.409466
0.088775 0.530863
0.577037 0.0614695
1.10969 0.11558
0.519968 0.179561
0.107798 0.668233
0.456557 0.435486
0.0570696 0.09617
0.145845 0.62754
1.00823 0.346961
0.0253643 0.129923
0.0190232 0.3888
0.500944 0.676671
1.097 0.306797
0.0634107 0.504491
1.13505 0.258194
2.05089 0.0148449
1.03994 0.202982
0.304371 0.0894062
0.697517 0.328498
1.56624 0.0481621
0.577037 0.538794
0.304371 0.497418
0.0380464 0.509007
1.72477 0.0355157
0.443875 0.682069
0.190232 0.141843
0.266325 0.540425
0.399487 0.416671
0.348759 0.248169
1.26187 0.0737854
0.336077 0.328388
0.095116 0.573473
1.38235 0.151603
0.266325 0.271656
0.095116 0.21316
1.31894 0.12512
1.00189 0.151581
0.126821 0.646487
0.158527 0.683942
0.3551 0.617647
0.101457 0.151493
0.963842 0.0861014
0.0380464 0.0504314
0.786292 0.287937
0.868726 0.0747989
0.29803 0.156824
0.519968 0.185136
1.25553 0.100488
0.678494 0.196614
0.558014 0.629456
0.88775 0.295693
1.35699 0.0378731
0.329736 0.551948
0.526309 0.692226
0.317053 0.670899
1.37601 0.124261
0.621425 0.576491
0.0634107 0.577086
0.856044 0.293291
0.703859 0.400191
0.538991 0.00553005
0.538991 0.537759
0.450216 0.1056
1.0653 0.171299
0.443875 0.557235
1.47113 0.121
1.14139 0.0505196
0.481921 0.31995
0.450216 0.0984834
0.862385 0.32797
0.101457 0.460867
0.545332 0.566335
1.01457 0.397723
0.291689 0.11265
0.862385 0.29415
1.19846 0.114919
0.095116 0.451988
0.634107 0.480784
0.145845 0.581052
0.0634107 0.62234
1.07164 0.232394
0.405828 0.270642
0.913114 0.234245
1.11603 0.296133
1.86384 0.0271194
0.634107 0.116682
1.16676 0.0454081
0.0634107 0.388205
0.00634107 0.666316
2.02308 0.00778864
0.367782 0.137084
0.735564 0.530488
0.672153 0.46155
0.139503 0.586428
1.02725 0.384129
0.0443875 0.0196967
0.494603 0.0230676
1.10335 0.302721
0.507285 0.284192
0.266325 0.150721
0.995548 0.283619
0.545332 0.608504
0.849703 0.206044
0.272666 0.230456
0.152186 0.628068
0.450216 0.396159
0.437534 0.312018
0.240961 0.181104
0.272666 0.167598
0.266325 0.452561
0.424852 0.65118
1.03359 0.162553
0.17755 0.281945
1.14773 0.292564
1.43942 0.00603679
0.291689 0.565696
0.405828 0.10289
0.0126821 0.255462
0.678494 0.0991664
0.272666 0.296023
0.240961 0.630206
0.0697517 0.573671
0.310712 0.390981
0.678494 0.381596
0.323394 0.620049
0.412169 0.492307
0.697517 0.181853
0.304371 0.162002
0.462898 0.61507
0.190232 0.608041
1.1731 0.26108
0.431193 0.442889
1.14139 0.0838541
0.095116 0.672838
2.55087 0.00159975
0.183891 0.603018
0.405828 0.0534939
0.811657 0.575941
0.989207 0.179782
0.500944 0.503103
0.412169 0.632607
0.285348 0.135431
0.494603 0.293688
0.158527 0.514868
1.69307 0.0142548
1.00189 0.16339
0.900432 0.194257
0.77361 0.412727
0.47558 0.650872
0.526309 0.213667
0.538991 0.0560716
0.0380464 0.238629
0.424852 0.0728821
0.393146 0.196813
0.221937 0.450137
0.849703 0.495457
0.65313 0.128227
0.488262 0.410854
0.47558 0.561223
0.431193 0.203929
0.310712 0.57409
1.80728 0.0189834
1.07798 0.210428
0.0317053 0.641596
0.196573 0.169052
0.469239 0.112055
0.462898 0.514075
0.919455 0.353306
0.0760928 0.56054
0.767269 0.55197
0.29803 0.403694
0.577037 0.195094
0.323394 0.603657
0.164868 0.68956
0.672153 0.597091
0 0.566819
0.424852 0.0399001
0.095116 0.552983
1.25553 0.14453
0.748246 0.54525
0.0443875 0.0764733
0.798975 0.181214
0.088775 0.222149
0.608743 0.217699
0.944819 0.457254
0.431193 0.560474
0.938478 0.100995
0.754587 0.62505
0.627766 0.320589
0.405828 0.363375
2.29882 0.00537555
0.767269 0.247861
0.101457 0.653802
0.323394 0.70452
1.12237 0.0859912
0.697517 0.0938346
0.450216 0.443704
1.02725 0.0848235
1.10335 0.227878
0.824339 0.494312
0.317053 0.270268
1.39503 0.0797782
0.995548 0.191833
0.164868 0.673653
0.0253643 0.558976
0.646789 0.619057
1.12871 0.0675063
0.919455 0.427885
1.35065 0.0285756
0.279007 0.580391
0.437534 0.555164
0.976524 0.0799544
1.22383 0.199897
0.494603 0.339955
0.748246 0.195733
0.634107 0.450622
0.221937 0.544853
1.12871 0.0758785
0.266325 0.349693
0.856044 0.0325854
0.805316 0.230786
0.741905 0.435001
0.304371 0.639635
0.386805 0.0837219
0.202914 0.607909
0.995548 0.224793
0.963842 0.198179
1.59161 0.00931957
0.811657 0.0566665
0.164868 0.284699
0.545332 0.257643
1.82734 0.0148063
0.0380464 0.132831
0.735564 0.333852
0.646789 0.143319
1.35065 0.0870047
0.545332 0.374105
0.310712 0.0601255
1.40772 0.0299636
0.336077 0.464282
0.564355 0.338082
0.792634 0.0129549
0.608743 0.302655
0.53265 0.613483
0.500944 0.449498
0.405828 0.504667
0.634107 0.293754
0.095116 0.460625
0.101457 0.412595
1.07164 0.0551463
0.317053 0.662086
0.0507285 0.215275
0.323394 0.0999375
0.450216 0.0415305
1.74379 0.0411119
0.196573 0.378996
1.76282 0.0168325
0.938478 0.266742
0.500944 0.293027
0.101457 0.678808
0.462898 0.185841
0.152186 0.303139
0.53265 0.039151
0.164868 0.695773
1.95299 0.00989476
0.970183 0.415415
0.615084 0.622296
0.507285 0.213116
1.04628 0.307105
0.158527 0.329886
0.095116 0.473381
1.19212 0.16198
0.881408 0.145676
1.4521 0.0204898
0.12048 0.647104
0.095116 0.399552
0.640448 0.538244
0.47558 0.687467
0.17755 0.295208
0.221937 0.261212
0.114139 0.0475012
0.23462 0.21153
0.754587 0.0466419
0.393146 0.24145
0.367782 0.61139
0.722882 0.575852
0.634107 0.143869
0.107798 0.445841
0.779951 0.199523
0.133162 0.303492
0.405828 0.279102
0.221937 0.441347
0.0380464 0.70615
0.963842 0.125318
0.748246 0.257908
0.665812 0.239929
0.59606 0.465362
0.431193 0.498784
0.17755 0.131487
0.500944 0.53994
0.0824339 0.0935041
0.228278 0.344538
0.0697517 0.399023
0.279007 0.308493
0.989207 0.0868945
1.03994 0.0442184
0.095116 0.377387
1.41406 0.0196967
0.748246 0.0607645
0.932137 0.214152
0.247302 0.564947
0.519968 0.336893
0.437534 0.339404
0.0443875 0.355289
0.646789 0.408232
0.164868 0.619234
0.171209 0.549194
0.323394 0.31431
0.570696 0.137678
1.04628 0.179209
0.500944 0.316513
0.944819 0.371791
0.107798 0.366063
0.152186 0.507817
0.59606 0.34879
0.12048 0.654727
0.875067 0.455006
0.412169 0.59035
0.386805 0.480564
0.304371 0.232196
0.456557 0.531348
0.41851 0.614629
0.678494 0.641266
0.47558 0.589248
0.88775 0.199434
0.862385 0.193948
0.462898 0.156362
0.152186 0.528638
0.367782 0.68577
0.431193 0.0869386
0.798975 0.300429
0.837021 0.144508
1.01457 0.0798222
1.23651 0.00526567
1.47747 0.0891638
0.450216 0.265332
0.088775 0.538266
0.272666 0.22389
1.47747 0.094099
0.41851 0.385914
1.53454 0.0518194
0.0190232 0.424778
0.304371 0.173855
0.329736 0.178592
0.317053 0.526721
0.88775 0.404685
0.183891 0.154357
0.615084 0.583718
0.17755 0.282033
0.259984 0.29545
0.748246 0.0153564
0.348759 0.247574
0.0824339 0.187647
0.431193 0.0411119
0.551673 0.355532
0.215596 0.187757
0.259984 0.191921
0.862385 0.0935262
1.36967 0.114853
0.59606 0.100907
0.0634107 0.128491
0.29803 0.329512
0.431193 0.301663
1.47113 0.0320787
0.697517 0.362273
0.634107 0.110777
0.0507285 0.451834
1.0653 0.351962
1.02725 0.301487
1.19212 0.135079
0.741905 0.0547938
0.17755 0.364102
0.47558 0.461242
0.697517 0.204171
1.24285 0.163148
0.976524 0.285624
0.938478 0.0946718
0.805316 0.239423
0.114139 0.0525245
0.469239 0.00612492
1.09066 0.230301
0.0380464 0.484221
0.323394 0.126596
1.22383 0.110359
0.760928 0.344934
1.09066 0.281239
0.684835 0.369963
0.152186 0.398362
0.944819 0.422311
0.634107 0.626901
0.450216 0.235633
0.507285 0.0791172
1.27455 0.132633
0.564355 0.462167
0.0317053 0.606741
0.494603 0.709058
0.437534 0.664377
0.53265 0.454368
0.589719 0.296111
0.513627 0.238872
0.431193 0.595219
0.285348 0.30076
0.970183 0.0492637
1.69941 0.0292366
0.703859 0.376859
0.564355 0.592156
0.88775 0.217126
1.29992 0.089979
0.3551 0.254316
0.767269 0.489795
0.215596 0.320324
1.57258 0.0584731
1.38235 0.0422135
1.24285 0.207124
0.615084 0.174208
0.380464 0.230147
1.2809 0.105578
0.538991 0.06733
0.678494 0.442845
0.101457 0.239885
1.08432 0.231205
0.374123 0.14398
0.817998 0.420658
0.228278 0.363728
0.47558 0.587023
1.12237 0.12805
0.171209 0.474879
0.65313 0.533529
0.500944 0.65812
1.05262 0.334535
0.906773 0.134572
0.88775 0.437161
0.900432 0.459523
0.456557 0.519142
0.754587 0.256299
0.494603 0.438923
0.538991 0.284126
0.304371 0.61974
0.621425 0.344648
0.279007 0.617119
0.779951 0.57854
1.43942 0.0404068
0.152186 0.539764
1.11603 0.308383
0.678494 0.285492
0.158527 0.0999816
0.494603 0.415481
0.0824339 0.569221
0.202914 0.471244
0.538991 0.186876
1.53454 0.0373003
0.17755 0.00118973
0.393146 0.230896
0.393146 0.492395
0.919455 0.186369
0.0190232 0.620886
0.722882 0.0135277
1.54722 0.0571071
0.811657 0.428502
0.500944 0.575346
0.83068 0.0903536
0.83068 0.257136
0.602401 0.347402
0.088775 0.538993
0.253643 0.160041
0.526309 0.337201
0.386805 0.552036
0.393146 0.237814
0.259984 0.542496
0.83068 0.0277604
0.754587 0.336143
0.0443875 0.252267
0.336077 0.580744
0.29803 0.126927
0.570696 0.494885
0.843362 0.118621
0.519968 0.563338
0.621425 0.469349
0.0126821 0.317152
0.088775 0.102515
1.45845 0.0809459
0.608743 0.504116
0.272666 0.266544
0 0.522711
1.28724 0.145478
0 0.1674
0.824339 0.539323
0.741905 0.627165
0.253643 0.561906
0 0.512731
0.627766 0.560122
2.17962 0.00621898
0.285348 0.305717
0.507285 0.70886
0.919455 0.337642
1.41406 0.0992545
0.583378 0.166364
0.361441 0.0816729
1.78184 0.0191018
0.83068 0.279433
0.900432 0.389659
0.900432 0.409004
0.615084 0.0481842
0.253643 0.021261
0.526309 0.173525
1.10969 0.0118092
0.494603 0.393207
1.59161 0.0241251
0.640448 0.11157
1.33797 0.161363
0.817998 0.0272316
0.469239 0.198619
1.15407 0.0723754
0.748246 0.336893
0.266325 0.12197
0.0760928 0.555847
0.65313 0.592861
1.33797 0.123402
0.678494 0.308471
1.21114 0.209591
0.0317053 0.452297
1.16042 0.200646
0.519968 0.690507
0.0760928 0.397899
0.995548 0.0901112
0.095116 0.429559
0.272666 0.535027
0.348759 0.304836
0.12048 0.681232
1.11603 0.205736
0.488262 0.242727
0.59606 0.0235523
0.621425 0.0891418
0.678494 0.544743
0.107798 0.109323
1.64234 0.0434693
1.00823 0.283927
0.570696 0.526192
0.41851 0.0573495
0.196573 0.58656
0.697517 0.0683876
0.190232 0.234774
0.0824339 0.509029
0.488262 0.103881
1.38235 0.165747
1.29358 0.110557
0.107798 0.178306
0.875067 0.414666
0.843362 0.336254
0.65313 0.256784
0.253643 0.0204678
0.450216 0.61822
1.4204 0.135079
0.684835 0.520045
0.811657 0.561443
1.15407 0.089957
0.678494 0.703991
0.450216 0.109015
1.87167 0.0215528
0.881408 0.0567767
1.57258 0.00209305
0.786292 0.45461
0.602401 0.565674
0.304371 0.561928
0.158527 0.283288
0.253643 0.24145
1.3126 0.0839422
0.982866 0.310476
0.310712 0.224837
0.684835 0.229817
0.221937 0.234774
0.209255 0.0282892
0.608743 0.398186
0.228278 0.0792274
0.145845 0.311864
2.11673 0.00785328
0.665812 0.588367
0.881408 0.383865
1.11603 0.0836778
0.481921 0.0341497
0.095116 0.677442
0.304371 0.517027
0.824339 0.416605
0.00634107 0.506716
0.570696 0.385451
1.03359 0.216465
0.183891 0.708904
0.634107 0.0213271
0.374123 0.5369
0.17755 0.434891
0.399487 0.717981
0.577037 0.612712
0.849703 0.410876
0.608743 0.110204
0.0760928 0.581515
0.221937 0.637102
0.00634107 0.641398
1.66136 0.0340396
0.0253643 0.152903
0.703859 0.312327
0.856044 0.445268
1.24285 0.233584
0.507285 0.0502331
0.913114 0.155304
0.00634107 0.195711
0.133162 0.308163
0.450216 0.695663
0.114139 0.0647963
0.577037 0.241009
0.608743 0.238762
0.558014 0.146756
0.253643 0.477788
1.02725 0.326692
0.53265 0.307986
0.424852 0.459082
0.139503 0.289017
0.304371 0.614276
0.437534 0.384812
0.0380464 0.179958
0.190232 0.108001
0.456557 0.309639
0.995548 0.111857
0.602401 0.493937
0.228278 0.296772
0.976524 0.00722652
0.424852 0.493761
0.247302 0.396886
0.266325 0.687467
0.558014 0.106129
0.488262 0.344868
0.393146 0.295318
0.0760928 0.482084
0.748246 0.271611
0.824339 0.110954
0.424852 0.406051
1.26187 0.102868
0.209255 0.0539345
0.53265 0.0160614
0.462898 0.0938787
1.43308 0.0692689
0.659471 0.439584
0.462898 0.566577
1.19212 0.205207
0.65313 0.647875
0.881408 0.251011
0.703859 0.191745
0.23462 0.0625711
0.259984 0.326758
0.767269 0.293952
1.10969 0.205295