1.65716
0.509537
2.19379
0.862941
1.38639
2.63802
2.17817
3.3552
2.19916
1.26066
0.795557
2.59725
1.87579
1.65667
3.30589
2.24042
2.23762
3.16453
1.84051
0.836818
0.651997
3.29991
0.660176
2.30891
1.05228
2.39973
1.15372
0.879299
1.14017
2.18732
1.42265
1.09659
2.91623
2.45552
1.29691
2.13947
1.19315
0.665792
1.7149
2.96847
0.635884
0.522233
3.37242
2.01019
2.60775
3.12094
3.33262
1.23148
1.93341
2.54073
1.04874
0.503067
1.29325
2.48115
1.29972
0.632466
3.28355
0.573016
1.63628
2.33454
1.94769
0.630024
1.51872
1.66607
0.817652
2.39216
2.15021
0.522111
1.56804
1.02835
2.31745
3.41221
3.18479
0.918973
2.21857
0.645772
2.72042
2.78451
2.05951
1.82488
3.22117
2.26862
2.88888
1.12809
3.2888
2.94235
1.08658
2.26325
3.24668
1.11905
2.22382
2.12018
2.89352
1.97052
1.66973
1.23173
3.1362
2.51497
3.09238
0.917753
2.43391
2.08271
2.29255
1.99994
1.44816
1.06131
0.699484
2.23457
0.795312
2.81491
2.14032
1.38517
1.18107
2.11322
1.2703
2.6357
0.581927
3.01498
3.4818
1.59758
2.99741
3.14536
3.4088
2.09528
1.83343
3.40648
2.41987
2.24897
0.973663
2.97555
1.67852
2.89999
2.29182
2.42647
3.09189
2.9321
3.04379
1.86651
2.43269
3.43797
2.5378
2.16034
1.16007
2.54219
2.99643
0.676412
3.15647
1.33451
2.72408
0.704367
1.50127
2.91183
0.50856
1.16837
2.86532
2.00653
2.008
1.40751
0.894925
1.6989
3.43431
2.55171
3.15793
3.19883
1.60076
2.41389
1.18326
0.687521
1.91229
2.30781
0.510147
2.19965
0.705344
3.43187
2.55623
1.72417
2.59029
1.52605
2.64156
2.77865
3.18223
3.15122
0.863552
2.12775
3.07028
2.53731
2.31489
2.35786
1.54607
0.828639
2.39412
2.57796
2.14631
0.77871
2.45173
2.59017
1.8637
1.21976
2.90341
1.66399
2.23005
2.61385
2.56014
1.61284
1.09647
2.3863
2.13605
1.75262
1.03385
2.0296
2.43001
1.38127
0.573138
0.570086
0.737327
1.33183
1.11039
2.17963
3.05344
3.48668
1.53764
2.64022
0.68569
2.38313
0.502335
1.73968
1.0463
3.46336
2.89035
2.91025
2.31465
2.76205
0.874783
2.30183
3.24815
3.47447
0.610614
1.07608
3.25327
3.25327
2.94736
1.59099
2.28242
3.32188
1.1807
1.44609
3.15134
0.671896
2.83358
2.71969
2.21857
3.27061
1.41716
1.1265
3.18625
1.15531
0.509049
2.13996
2.73104
3.00461
2.99875
3.43822
2.35041
2.81661
3.07627
1.94012
2.35286
0.893704
1.6917
3.09995
1.59038
0.756493
1.55803
1.52446
0.552141
2.70846
0.640034
1.11673
1.97516
1.93988
1.36296
2.29023
3.46837
1.85858
2.759
2.50581
2.95065
1.549
1.62322
3.31687
1.9754
1.03238
2.55879
2.04596
1.53166
1.02054
2.63924
3.23411
1.79278
2.56063
2.02264
2.31892
2.24238
2.837
2.21064
2.79257
1.15336
1.57805
3.02573
2.15632
2.56539
3.06589
1.12723
3.44163
2.88485
2.85812
2.54305
1.50371
2.95639
2.38508
2.63607
1.23429
3.34178
1.73675
2.9266
3.11521
3.18186
3.44542
1.95526
2.52791
2.70943
1.82989
1.3361
1.4163
1.92474
2.7839
2.55318
1.87616
1.50493
3.19114
0.509293
1.79546
1.43925
1.47673
1.60381
3.40599
1.20548
1.80206
3.33824
1.02664
1.71343
2.71468
2.60884
2.13324
2.42232
1.3693
2.76827
1.46794
1.14969
1.60027
1.67254
0.605121
3.45164
2.35102
0.657491
1.84063
2.6335
1.94745
2.25239
3.0831
3.45372
2.13935
0.851711
0.537248
3.20847
3.39805
2.22346
0.693625
1.18583
1.77606
0.616596
2.41804
1.3195
0.644307
0.875759
0.875759