1.31797
0.722617
0.649861
1.15854
0.886624
0.856777
0.919767
1.26304
1.18693
1.19077
0.652181
1.02811
0.554277
1.32664
0.540544
1.29337
1.36479
0.73043
0.821986
0.920255
1.17215
1.30021
1.39592
1.16306
1.29301
1.35704
0.857204
0.755882
1.18949
1.24943
0.935514
0.573016
0.848476
0.607868
0.592547
1.39915
0.571368
1.28874
1.09977
0.698691
1.02121
1.1735
1.45256
0.74337
0.637654
0.870632
0.5403
0.668538
1.22471
0.523331
1.45116
0.998016
1.04355
1.19517
0.985626
1.03977
1.21256
0.954619
1.00986
0.629048
1.33403
1.45219
1.20878
1.2346
1.4434
1.39525
0.960051
1.30198
1.01962
1.09317
0.534684
1.31913
0.977569
1.07669
1.13968
0.972198
1.39085
1.00577
0.89053
0.540666
0.840541
1.09378
1.08707
1.37687
1.395
1.29679
0.976226
1.38768
1.1633
1.29624
0.97409
0.736717
1.30735
0.629414
1.0427
0.894131
0.858425
1.23453
0.746849
0.558855
0.556047
1.35777
1.39415
1.00821
0.876125
0.72396
0.957732
1.24186
1.32524
1.41649
0.722068
0.602252
1.03934
1.08463
1.23832
1.49193
0.509598
0.547563
1.44603
1.36601
1.06668
1.18149
0.899075
0.652913
1.32823
1.00656
0.547624
0.74807
0.935209
0.815638
0.855312
1.49773
1.33872
0.596637
0.501053
0.972808
1.056
1.3245
0.694601
1.09915
1.30851
1.20725
0.823023
1.27781
1.44725
1.17734
1.2946
1.02994
0.518387
0.659749
1.19413
0.701804
1.33171
0.52028
1.18039
1.09891
0.805689
1.07364
1.42155
1.05869
1.45933
1.35234
1.42851
1.00528
1.07126
1.20365
0.631916
1.39036
1.17246
1.20707
0.558061
0.746361
0.836634
1.04483
0.557756
1.19449
0.718528
1.36418
1.27927
1.17722
0.983978
0.545732
1.43779
0.705771
0.82992
1.32609
0.513993
0.86227
1.32298
1.08097
1.45335
0.739769
1.15384
0.967498
0.932524
1.056
0.733848
1.03726
1.06302
1.21506
1.31364
1.33531
1.32377
1.03934
1.38475
1.47368
0.9841
0.688498
1.12638
1.09677
0.869655
0.51326
1.06003
1.43638
0.804346
0.934111
0.903897
1.21305
1.37706
0.509171
0.863674
0.641011
0.561724
0.503067
1.35917
0.73104
0.667196
0.875576
1.37815
0.727256
1.25944
0.919095
1.3375
0.911283
0.783105
0.550432
1.05686
1.1243
1.07773
0.944182
1.33592
0.829371
0.629902
0.94467
0.935026
0.963652
0.877895
1.3289
0.897488
1.36625
1.01407
0.552995
0.947111
0.743492
1.10062
0.670125
0.618183
1.40605
1.4583
0.813013
0.591693
0.778039
1.30906
0.849391
1.02103
0.772485
1.04062
1.3375
0.81045
0.570452
0.856105
0.610309
0.895962
1.00644
1.12156
0.781152
0.993133
1.47673
0.765526
1.42192
0.986724
1.07236
0.844752
0.603961
1.33988
1.2349
1.06326
1.44115
0.787133
0.509171
1.18534
1.28251
1.45494
0.654988
0.761681
1.47923
1.30418
1.20579
1.40733
0.628681
0.563799
0.763085
0.601459
0.861354
1.10593
0.806787
0.517777
0.645161
1.25523
1.14206
1.01187
1.29508
1.4481
1.47502
1.1063
0.923124
0.534501
1.07181
0.553362
1.0159
1.10984
1.18741
0.839808
0.996185
1.41789
0.791284
1.38829
1.06326
0.581317
1.1326
1.43461
1.05496
1.40037
0.671407
0.935453
0.831446
1.07895
1.17038
1.29191
1.0427
1.07486
0.624592
1.02078
1.20438
0.92819
0.917875
0.855861
1.10581
1.0195
0.761559
1.49199
0.970428
0.589312
0.774743
1.44615
0.692343
0.846034
1.36668
0.708762
0.740867
0.601764
1.05081
0.526933
1.08493
0.609516
0.744041
1.24113
1.21372
1.40428
0.658712
0.635395
0.852016
0.52504
0.50734
1.20994
1.32737
0.88229
0.609699
1.43638
0.944243
0.970733
1.18387
0.691122
0.614338
1.37394
1.37394