1.6596
1.61296
0.321543
0.393628
1.88537
0.102603
0.751732
0.0292978
1.78668
0.261422
1.84191
0.145695
0.136357
0.210028
1.95581
0.388195
1.55766
0.680136
0.075869
1.50365
1.07682
0.191229
0.771508
0.545366
1.89294
0.188787
1.90356
1.9013
1.71764
1.59453
0.177862
1.7008
1.95093
0.262642
0.0941801
0.095584
0.365612
0.528214
0.310739
1.76287
0.36903
0.436415
1.63671
0.447707
1.74023
1.84082
0.0978423
1.45854
1.82257
0.183844
1.76556
0.384716
1.76287
1.65435
0.364635
0.170293
1.62023
1.48387
1.46062
0.275399
0.284921
0.54091
0.0984527
0.441359
0.471084
0.458144
0.437269
0.722617
1.34654
1.96881
1.84436
1.74731
1.648
1.41551
0.181036
0.268746
1.58202
0.699118
1.36283
0.0938749
0.22132
1.83441
1.90399
1.7282
1.72765
1.86627
1.63543
1.94501
1.94128
0.238899
0.0727561
1.66076
1.93878
1.96863
1.80444
0.369457
0.0479141
1.92425
0.888577
1.59984
0.15302
1.39061
1.83105
0.310984
0.372814
0.730552
0.885891
0.322153
0.224494
0.289926
1.90551
0.829127
0.982818
0.454726
1.85443
1.43205
1.73199
1.98816
1.97125
1.89227
0.632038
0.0399792
0.284249
0.184332
1.66137
0.374645
1.99023
0.227729
0.441176
1.51347
0.0568865
1.90118
1.98718
0.380444
1.80383
0.272164
1.34574
0.285897
1.84149
0.476455
1.01389
1.51372
0.881863
1.75152
1.88275
0.397595
0.288095
0.827174
0.795373
0.924223
1.64385
0.371715
0.731529
1.66729
0.43263
0.126286
1.51842
0.476821
1.69292
0.627705
1.66894
1.51079
0.0556658
0.209479
0.694662
1.62926
1.13419
0.309153
1.65886
1.69408
0.144353
0.099002
0.9888
1.5667
0.929716
1.4196
0.871426
1.67718
1.81616
0.459975
0.554399
1.32365
1.97211
1.55364
1.79998
0.802393
1.56407
1.87878
0.130009
1.96783
0.361095
1.55632
0.001648
0.307505
1.65551
0.368969
1.99475
1.87909
0.364208
0.212104
0.400098
1.95233
0.34608
1.70653
1.96295
0.464858
1.85803
0.103885
0.0393078
1.82965
1.79125
0.434828
0.332713
0.739525
0.120914
0.28486
1.65783
1.68621
0.170415
0.359996
0.196417
1.60228
1.74627
1.81756
1.60851
1.91925
1.19303
0.420972
0.913724
1.86743
0.605182
1.6245
1.69665
1.85797
0.080752
1.74541
1.97137
0.43025
1.59691
1.62694
0.432569
1.66533
0.858364
1.51378
0.15949
0.37611
0.183355
1.40391
1.50304
0.425916
0.927763
0.431776
1.89135
1.69018
0.00842311
1.5092
0.0306406
0.215644
1.50249
0.788965
1.82574
0.0699484
0.120609
0.415235
0.0878933
0.623981
1.901
1.67864
1.99554
1.29008
0.279122
0.882229
1.77898
0.361644
1.81524
0.0112918
0.532731
1.60527
1.33988
1.66832
0.86166
1.84387
1.77288
1.1677
0.0622578
1.53343
0.0546281
0.305673
0.744469
0.846095
1.98663
1.94946
1.87262
0.292673
1.08542
1.6035
0.0635395
1.72491
0.241951
0.897732
0.323313
0.288644
0.852809
1.79211
0.793115
1.50169
0.297922
0.406384
0.359203
1.90698
1.91034
1.64043
1.17972
0.438734
1.73473
1.22166
0.489395
0.1554
1.71661
1.84106
0.581927
1.38926
1.7066
1.29862
1.87609
1.71856
0.399121
0.0117801
0.18891
0.770653
1.79211
0.0339366
0.441603
1.28629
1.96503
0.132633
1.93793
1.57372
0.334544
0.899258
0.0690329
1.86145
1.66131
1.03385
1.17557
1.93756
1.74859
0.0089114
1.83349
0.118351
1.50139
1.7871
0.111515
1.65001
1.72997
1.87231
0.039613
0.436048
0.244758
0.167852
0.499283
1.91656
1.99506
1.6859
0.0666524
0.367931
1.91931
0.230964
1.28434
0.101627
1.98309
1.04093
1.20267
1.9859
1.39549
0.320261
0.34547
0.414686
0.61507
0.118229
0.166692
1.31297
1.76531
1.76757
0.385266
1.73754
1.01822
1.32871
0.282723
0.215888
0.115482
1.50255
1.7033
0.254097
1.51311
1.96735
1.89453
1.6104
1.69469
1.81359
1.51952
1.62902
1.86102
0.300119
1.5598
1.94208
1.70263
0.344859
0.526688
1.58037
1.54875
0.00958281
0.294259
1.8092
1.56163
0.247383
0.367077
1.55675
1.84106
1.79205
1.9635
1.72784
1.67162
0.397961
0.503006
0.297983
1.16965
1.9986
0.103153
0.269112
1.79192
1.22398
0.429762
1.67858
0.336619
1.69304
0.2884
1.38511
1.94629
1.4442
1.89294
1.78692
1.69378
0.0684225
0.267098
0.319895
0.844386
1.85607
0.46675
0.271371
0.341258
1.00357
1.18046
0.00781274
0.176275
0.385083
0.106571
1.41533
0.211615
0.313547
1.35496
1.88592
1.59056
0.989593
0.385693
0.0957671
0.379894
1.72704
0.155034
0.210883
1.9975
1.79443
1.51598
0.242683
1.28214
1.49876
0.00585955
1.97674
1.06711
1.97211
0.167852
0.429518
1.6281
1.17417
0.398633
1.49406
1.74004
1.91394
0.339488
0.307382
0.23133
0.254219
1.92486
0.0581683
0.367016
0.15949
0.279489
1.01706
1.81585
0.936369
1.45445
0.682943
1.31394
0.0194098
1.76196
1.5341
0.260384
1.81524
1.84021
1.92016
0.492508
0.374401
0.222785
0.274117
1.11869
0.448378
1.32957
1.64757
1.89886
1.54906
1.19181
1.91516
0.360118
0.130192
1.68389
1.57201
1.54064
0.32783
1.63622
0.836268
1.62865
1.32493
1.90045
1.84478
0.0384533
0.155217
0.106326
0.390393
1.63225
1.82214
0.470779
1.80883
0.0668355
0.247139
1.83325
1.49455
1.55785
0.534745
0.924223
0.339976
1.63066
0.347179
0.177496
0.371166
0.195502
1.11692
0.0100711
1.7199
0.471328
0.315378
1.59154
0.933927
1.5482
1.2476
0.32606
1.8211
0.298654
1.62822
0.202948
1.73589
1.76305
1.74816
0.87637
1.8114
1.27097
0.191107
1.60387
0.765465
1.84332
1.76623
1.69573
0.148686
1.30473
0.0251473
1.75042
0.217963
1.71776
0.432081
1.67467
1.65477
1.94104
0.304697
0.0785546
0.274911
1.66521
0.152593
0.337291
0.524247
1.99402
0.488235
1.65398
0.345531
1.16642
1.46232
1.07169
0.255379
0.0686666
0.60036
0.896756
1.57744
1.5493
1.44731
1.742
1.97345
0.246529
0.246529