3.1865
1.1182
0.80752
3.07041
3.01144
1.23734
0.264901
3.96118
1.45476
0.209357
0.638447
2.68978
0.492935
3.56737
3.73644
3.76989
0.815088
0.191046
1.6845
3.62365
3.63414
1.39421
3.96496
3.9331
1.53008
2.36604
1.70171
3.18857
3.66747
1.81878
0.474136
1.26554
0.809473
2.38569
0.71279
0.0750755
2.36445
3.61803
0.26307
1.97662
1.32255
2.66207
3.83166
2.71908
1.34794
0.378185
2.15436
3.87036
1.8526
0.933012
0.283456
3.3723
3.26524
1.61541
2.61373
0.732933
3.40599
3.86438
0.119266
0.713157
1.16691
3.69189
0.770043
3.35655
3.31089
1.4948
3.87609
0.387585
0.113407
0.48146
0.244026
3.68383
1.34318
0.201788
1.52397
1.97101
3.36729
0.0871609
0.26307
1.81292
2.97104
1.92926
1.14701
3.10691
1.39274
1.17447
0.604389
3.51366
1.93561
1.64946
2.74899
0.0454115
0.712912
1.30815
1.24149
1.0557
1.36222
0.674703
3.58507
0.851466
1.27934
3.51256
3.06784
0.318857
2.11689
3.60802
0.284799
0.114139
1.82611
1.06656
1.18644
0.0125736
3.66161
1.37284
0.873928
3.85376
2.70638
1.62554
2.00128
2.32649
3.88244
1.0109
1.24186
1.82537
0.293222
3.42467
2.28071
3.03867
1.9975
3.93054
2.80428
0.734153
2.08234
0.545549
2.46101
1.92169
0.217048
2.01105
3.08676
3.27415
0.186651
1.59795
0.107791
1.48198
3.68004
3.96728
2.22639
0.430555
0.396374
3.65294
3.74474
2.50935
3.99023
0.0930204
3.5128
3.30625
0.5309
3.8562
2.21638
3.65722
2.80245
3.59948
0.702536
1.64495
0.00927763
3.13108
3.82373
3.56627
0.0998566
1.94879
1.59368
2.90854
0.0291757
0.501846
0.132328
3.76879
3.67199
2.45491
3.63561
1.78338
3.92346
0.298227
3.48155
2.49605
2.7148
3.98572
2.98202
1.39396
1.98334
1.85467
2.68221
2.01862
1.18363
3.17087
3.9635
1.78387
3.18052
0.872829
1.40446
3.46532
2.15363
2.39326
0.364391
1.65313
2.27656
3.01718
2.44197
1.6364
0.814112
3.81848
2.65365
1.97723
1.48125
0.195563
2.6379
1.49345
0.242195
1.07254
0.538469
1.9223
3.69848
2.61458
3.11875
2.5627
2.10358
3.30088
0.108402
3.22288
0.180059
0.313242
0.329966
3.27085
3.7528
3.61596
2.37739
1.46196
3.94812
2.13739
3.1428
2.09577
3.0997
3.86889
3.94519
3.25584
1.69219
0.835597
1.10709
0.372448
2.70296
3.35655
3.7467
2.34187
2.09662
1.23087
1.40873
1.74334
0.508072
2.51094
2.52828
0.247566
1.27519
1.78228
3.22874
2.0755
1.17386
3.50133
3.38389
0.238655
2.23542
0.278329
3.72301
3.53807
0.719626
0.109134
1.67669
1.12467
0.128544
1.52776
0.287362
0.638691
3.57152
1.1724
3.82592
0.425916
2.9465
3.46849
3.18796
3.06259
0.0570086
3.75195
2.47114
3.03391
2.91916
1.40861
3.99707
2.60665
1.34501
0.532609
0.132328
3.98291
1.39335
3.28245
3.92041
2.41292
3.74377
2.00922
0.264657
0.127934
0.342174
2.2447
2.02899
3.55333
3.69909
3.97461
1.6364
0.0998566
0.839503
1.75494
2.64644
2.99728
3.52147
3.91931
1.43889
0.435804
3.95056
0.643696
1.58025
0.55092
1.46123
0.222907
1.10916
3.37913
2.58321
3.67052
3.20994
0.235481
1.3112
2.83932
3.83422
3.87024
3.55614
0.940947
0.129032
0.241829
0.499039
2.99167
0.323496
0.0917997
1.73699
3.56871
3.41002
0.9429
0.668722
1.90118
3.2534
1.79962
3.49205
3.10068
1.49394
0.0730003
0.573626
1.65716
0.997101
3.77612
2.67501
2.73751
3.06467
2.03912
0.344615
3.29307
3.9165
0.39845
3.98059
1.86773
0.0827662
0.33375
3.35606
0.172124
0.103153
2.36067
1.1934
0.314707
3.33665
3.47716
3.01144
3.5128
0.277108
3.56407
0.0727561
0.39259
2.27534
0.280526
2.34223
0.163823
2.22504
2.16462
3.63671
2.77889
2.18256
3.90356
1.64812
1.83734
3.43455
0.819117
3.28843
3.58898
3.11386
3.61083
3.55895
3.68017
3.02902
3.53001
0.0867946
3.03854
0.704489
2.373
1.17215
1.77642
1.49907
1.52495
0.172491
3.00668
2.71285
0.0987579
3.74377
2.26228
0.0454115
0.534684
1.62578
2.35017
1.57146
3.95105
1.73016
2.65804
2.01325
0.142216
0.590716
3.87841
1.97748
3.98035
2.05597
3.98901
0.349376
1.76714
1.4727
2.93027
3.90246
3.04514
1.83599
3.32005
3.69543
3.6654
3.74255
2.71029
2.13874
0.625629
3.79345
3.55895
3.96594
2.89621
3.92907
3.79772
1.59734
0.232429
1.85748
0.669942
2.75436
3.42955
3.00388
3.7965
0.746727
1.95404
2.27912
1.47966
3.91137
3.75256
0.532243
0.728538
3.62792
3.29795
1.03665
1.69854
0.543352
0.0294198
1.356
0.00805689
2.07062
0.479385
1.35832
1.06412
2.60067
0.220099
0.186407
1.78973
1.88885
2.45161
2.62423
0.00622578
0.684591
0.30958
3.92981
0.354503
0.401135
3.78417
0.717307
3.06919
2.13691
1.97919
0.89407
1.05191
0.0341807
2.77035
0.893582
2.66878
0.0112308
3.95459
3.95093
0.381726
2.75875
1.6762
0.212409
0.364025
2.44478
0.831568
1.19218
0.771142
3.15696
1.34587
1.76495
0.391003
1.02884
0.313974
0.284555
2.57796
1.76702
2.22382
1.39555
3.22166
3.16916
3.09458
0.951445
3.45408
1.12577
1.94549
3.96228
0.483779
0.0351573
0.238899
0.00268563
1.61565
3.55077
3.62023
3.15012
0.202033
2.15387
0.160161
2.93527
1.55168
1.76531
1.26493
0.314707
3.83203
1.80096
0.275033
3.87219
0.377819
3.81579
2.9769
1.38859
0.699728
3.22715
2.59664
3.67675
1.90521
0.38258
1.9837
1.56804
3.78027
2.90133
3.88891
1.49248
1.0043
0.0792261
1.3947
0.397229
3.56908
0.327769
3.85864
2.48177
2.71712
1.62212
3.10886
0.960967
3.3845
2.62691
0.592669
1.86187
3.60851
0.403455
2.85043
3.88318
1.59441
0.183477
0.147832
3.56688
1.65007
3.85778
0.0146489
0.287606
2.87277
0.817286
0.0639668
3.75951
0.186895
0.566179
0.566179